id,EAP,HPL,MWS
id02310,0.0005373716603846344,1.746820947350514e-05,0.9994451601301431
id24541,0.9999840366282517,1.590308317076955e-05,6.028859795670161e-08
id00134,0.002499408658426787,0.9974997618499731,8.29491604230647e-07
id27757,0.22460599892627517,0.7753938594529204,1.4162082977987434e-07
id04081,0.9944276983357643,0.000521488565991333,0.005050813098236185
id27337,0.9325186977791725,0.06746953843155078,1.1763789277287053e-05
id24265,0.9877606513561281,0.011353610994902265,0.0008857376489639178
id25917,0.00016100045740776058,0.001427617293596036,0.99841138224899
id04951,0.9998783242060093,0.0001216756764096862,1.175600478118004e-10
id14549,0.9970614516580723,0.0001702409620025253,0.0027683073799256745
id22505,0.00016099199057658563,0.08713659610169278,0.9127024119077215
id24002,5.011072528275471e-10,0.9999999993857013,1.1318815437849785e-10
id18982,0.16586490914674062,0.08720765979538561,0.7469274310578716
id15181,2.6482262219952676e-05,0.999973300648094,2.1708968321856053e-07
id21888,0.938365340688391,0.018827918115754873,0.04280674119585842
id12035,0.00013777162273751227,1.7748780055819632e-06,0.9998604534992602
id17991,0.19789262369494595,0.0017533005405978427,0.8003540757644546
id10707,0.9999999996138716,1.0335125234384376e-11,3.7578021233505004e-10
id07101,0.33649398559052246,0.002038893481763572,0.661467120927717
id00345,0.24495644867742403,0.7547338947060558,0.00030965661653849875
id05912,0.9953050625926668,0.0004383245558741953,0.00425661285145672
id13443,0.9988775996097534,0.0001878591111649029,0.0009345412790986006
id09248,0.6816851881398805,0.11845196411177987,0.19986284774834073
id17542,0.06445678664520972,0.9335344640177914,0.002008749337001871
id06995,0.000854894901317767,1.665813115381711e-08,0.9991450884405517
id25159,0.9346808765388234,0.0006668394165537362,0.06465228404461472
id25729,0.9900285283964324,0.005806647574838399,0.004164824028726266
id26949,0.9948447184367796,0.004130782435947667,0.001024499127273823
id27191,0.0039053855907709807,1.234813638062932e-05,0.9960822662728481
id07668,0.006035824149380786,2.7541761698061262e-08,0.9939641483088647
id02230,0.011108150920439005,0.012573959568046893,0.9763178895115163
id15553,0.9999998762891227,1.0228254467525597e-09,1.2268807512397823e-07
id25688,1.6906399267943148e-06,0.9999973402781194,9.690819623041996e-07
id17545,0.9996930291727052,2.1077584403499173e-05,0.0002858932428878395
id13929,0.8187548824487215,0.03888415082514205,0.14236096672613732
id12880,0.5075941248637138,0.3327395705246131,0.15966630461167397
id19282,0.9493298036416907,0.003236090633687271,0.047434105724616114
id14690,0.0019139433401102741,4.6899014746030195e-06,0.9980813667584134
id17975,2.9012888413236782e-05,0.9998815153192374,8.947179233859756e-05
id08037,0.9524195781877918,7.720833258140752e-06,0.04757270097896475
id15412,0.44791440054688003,0.00013846022759928097,0.5519471392255191
id25032,0.7053644775556968,0.01446213387228119,0.2801733885720216
id27165,0.9999996495462167,6.368583131362396e-08,2.86767949769271e-07
id03327,0.7324472183684435,0.2673085858776469,0.00024419575392127226
id18515,0.9915994898732335,0.0002693971612569054,0.008131112965505337
id21003,0.003998944073465202,0.00032100689868582214,0.995680049027856
id23855,3.794228366766213e-05,0.9790019624406145,0.020960095275714633
id20724,0.9441684621051709,0.02459859279946484,0.03123294509536425
id13303,0.79976172798671,0.011229086727079054,0.18900918528620966
id16521,0.00012173454218170396,0.6712943594211858,0.3285839060366265
id20775,0.9999793497773473,2.018791090069937e-05,4.623117381971549e-07
id13029,0.9999714372493207,7.94936428700427e-06,2.0613386381476724e-05
id14660,0.9843956117432899,0.013124148786336607,0.002480239470373566
id11028,2.9236110692955506e-05,3.4743565062243324e-09,0.9999707604149524
id14180,0.9959986607122618,0.002583709214460675,0.001417630073272302
id25860,0.9999999599653825,4.002114896127798e-08,1.3477819581481681e-11
id11910,0.6718758138427946,9.061313939110347e-05,0.32803357301781083
id08065,0.21937348063707288,0.0009781273081939732,0.7796483920547319
id22674,2.543111637649163e-07,6.240181510043614e-09,0.9999997394486382
id25018,0.08078064712314763,5.308044140664585e-05,0.9191662724354545
id10892,3.4597943841070484e-07,0.9999996257788806,2.824169654854457e-08
id10217,0.007785582217688432,0.9922141119162806,3.0586603596511023e-07
id12996,0.5547431364258226,0.010253087148390294,0.4350037764257898
id18262,0.8612934416368568,0.0010501539614096904,0.13765640440172514
id08606,4.539143205605175e-08,0.9999998682267434,8.638182452827825e-08
id17233,0.9930616118126186,0.00020019148668140254,0.00673819670070111
id00101,0.9922307542212777,0.006636432638473592,0.0011328131402448018
id12225,0.9887154238786906,0.007374991834811199,0.003909584286498501
id01364,0.024358555400250614,0.9755339726369476,0.00010747196280199972
id24973,0.9919808517459802,0.00020482098330679271,0.007814327270703917
id25363,0.910721179088803,1.4625470167806637e-06,0.08927735836421134
id10061,0.5289544740527936,0.0028639121416221373,0.4681816138055796
id17673,0.27747543866148644,0.717372114044508,0.005152447294002051
id13249,0.7070631187286339,0.0033153054277166426,0.2896215758436501
id10107,6.847582330161265e-05,6.859227027637596e-07,0.9999308382540042
id04403,0.9999847742528912,7.310158433721145e-07,1.449473125610111e-05
id25728,0.9929150187708121,0.0004451372314926007,0.006639843997690969
id16184,0.5880062100529384,0.014524792599830574,0.39746899734722846
id03438,6.337409656264073e-05,5.290024422837901e-09,0.9999366206134117
id22923,0.03247217638381104,0.9675191480988233,8.675517371292915e-06
id08610,0.9999944834966085,6.426946731500364e-08,5.452233914577858e-06
id25355,0.0029291194610746685,0.000129603238985448,0.9969412772999414
id16916,0.791389663251868,0.2051299015048987,0.003480435243235767
id12793,4.056027515121553e-05,0.9999589940147534,4.457100950848133e-07
id11859,0.9413002714610618,0.0019283681329847415,0.05677136040595232
id02434,0.9999999999977935,1.8069015125207374e-12,3.938655393428536e-13
id27703,0.00023649053660031985,4.028010957229536e-07,0.9997631066623108
id25212,7.96135671636262e-05,0.9999100645693609,1.0321863471045345e-05
id11308,0.35220806281288736,0.0006393038674745601,0.6471526333196386
id26094,0.9994824083717552,0.0005000363122298771,1.7555316016585032e-05
id22080,0.9987424752109556,0.001103122839221758,0.00015440194982257118
id03545,0.9999200194430433,7.970796236231298e-05,2.7259460295981507e-07
id23725,4.612271308722465e-06,0.0006466927544224246,0.999348694974261
id12009,0.9296727186231889,0.03500654024090102,0.03532074113590891
id24241,0.8693260545757759,0.024256003220921123,0.10641794220330368
id03596,1.1596366179625456e-06,0.9999985766659701,2.636974057335214e-07
id10749,0.5016767967316794,0.48329006779294276,0.015033135475387798
id22794,2.651839139575508e-08,2.7618866499971096e-07,0.9999996972929458
id15482,0.899810788466869,0.06274044271979533,0.03744876881334205
id04833,0.7280744589445867,0.26758982609918136,0.004335714956221776
id00397,4.473418147370527e-07,1.265975258579242e-13,0.999999552658074
id14691,7.335324910353987e-06,5.9782177380388655e-05,0.9999328824977105
id05193,0.038781792401388376,2.0818064263640965e-05,0.9611973895343464
id19541,0.9411555077518067,0.0007981654129406916,0.058046326835251336
id22166,4.177538291917384e-11,9.055176144850225e-12,0.9999999999491729
id20744,0.0013026721330422397,1.0883483465653549e-05,0.9986864443835011
id10392,2.8455819825543895e-13,4.364436151414088e-13,0.9999999999992908
id00770,0.9952285923385741,0.002485413145948142,0.0022859945154916936
id06018,0.2888074671599424,0.7105335606349982,0.00065897220505018
id15678,0.0005293545127098012,1.1603036634646816e-06,0.999469485183626
id08305,0.901297229438031,0.09375646791586939,0.004946302646099637
id08903,0.17773780530101904,0.0008141693757727337,0.8214480253232043
id14752,0.3971998458868267,0.6023279147924983,0.00047223932066745055
id12468,5.2766277349199646e-05,0.9999467102913963,5.234312523842258e-07
id05085,0.8706396996798474,0.1289143951397189,0.000445905180419779
id21993,0.1862473219848967,3.2206558617670055e-05,0.8137204714564811
id15503,0.9898917693373402,0.0031454487668218572,0.0069627818958399096
id03021,8.42688019148842e-18,1.0,3.0869970121759307e-16
id16123,0.9999999999686566,6.9858555103154335e-12,2.436289618197994e-11
id19383,0.999999652013458,3.1245498615929725e-07,3.5531556261643965e-08
id04186,0.9999995827375705,1.3974593358345599e-08,4.0328783861821806e-07
id17954,1.1629871103667852e-09,5.603734441373499e-12,0.99999999883141
id12030,0.6081429128185039,7.536219864288838e-05,0.3917817249828497
id13020,0.9194246445286328,0.0804414557663239,0.00013389970504144513
id25327,4.3362385354976355e-07,0.9693380043724655,0.030661562003673738
id16344,0.4484907492476242,0.09796444383209123,0.4535448069202797
id12303,0.514231876931298,0.47603299027976326,0.009735132788941465
id15017,0.9932930349805342,0.00670685981996197,1.0519949408431682e-07
id22308,0.8628767297634533,0.03441018204439973,0.10271308819214298
id06536,4.3007904578720385e-08,1.2317444862536519e-05,0.9999876395472265
id19797,0.042758180174981765,0.9480292746994289,0.009212545125583825
id06332,0.10196790052781608,0.8827951580646564,0.015236941407523897
id22941,0.13144232432518724,0.02865075943730823,0.8399069162374995
id13547,0.00033213905515947254,0.0022012582321080556,0.997466602712738
id06928,0.00013695070553152689,3.814141505676385e-08,0.9998630111530501
id12521,0.8740412950839415,0.12582232163133325,0.0001363832847269493
id25716,0.957547891483283,0.0009801581471856348,0.041471950369536506
id27116,2.352168533631361e-08,2.2961936114252545e-13,0.9999999764780836
id19941,5.214957873283227e-06,0.9999872202778475,7.564764280104794e-06
id05711,8.061279213978022e-08,1.8769878773090357e-09,0.9999999175102147
id02097,3.176886635672037e-08,0.00029189931660684505,0.9997080689145277
id03563,6.4856902464321545e-06,0.999993502277013,1.2032752231800346e-08
id02295,0.34868268466326435,0.6334605716681537,0.01785674366858906
id08179,0.999999999907408,9.256351489121016e-11,5.468667604236049e-15
id05332,0.0025904379667205093,0.9949120262185682,0.0024975358147168113
id15697,0.01544907993743009,0.00026485407948182045,0.984286065983087
id17026,0.040272724579683346,0.00011791345748140337,0.9596093619628344
id04243,0.9999845416935202,1.01715417695456e-05,5.28676470699868e-06
id13175,0.9999999999999606,2.9119445652089443e-16,3.7016789469432066e-14
id05387,0.9994148328933576,1.530098082805226e-05,0.0005698661258274629
id19989,0.8911403057786274,0.06918760266574027,0.03967209155563701
id25173,0.005743649275203824,3.9980737724526975e-05,0.9942163699870681
id08925,0.045673233497611716,0.9542652356629441,6.153083944463792e-05
id03034,0.0010803350656238874,0.9948626244942211,0.0040570404401472655
id13272,2.974433879865257e-08,0.9999999339811304,3.6274533596132476e-08
id07956,0.9513108948586275,3.131158725425426e-05,0.04865779355411222
id02648,0.00284577862938021,6.765472744677453e-05,0.9970865666431724
id01778,0.006581679589794678,1.1126535294176333e-05,0.9934071938749081
id12846,9.520670287739078e-08,5.076228697704411e-12,0.9999999047882114
id19001,0.32198182972277656,0.000772043710180528,0.6772461265670383
id05763,0.9419917288555903,0.010330409713792704,0.04767786143061863
id15590,2.953371427258979e-07,2.2743874519625456e-09,0.9999997023884698
id04912,0.8791126988244927,0.027400803779756962,0.0934864973957482
id21201,0.9982447548045404,0.0016466515301907282,0.00010859366527558585
id13215,0.9999071532052806,2.9641022556087723e-07,9.255038448935718e-05
id15612,0.16524409761207667,0.8341952749282715,0.000560627459654311
id18501,0.003435921683747941,0.0009379195849919011,0.9956261587312596
id07223,0.8811012478265255,0.07309873670571107,0.04580001546776305
id06707,0.4127076392235598,0.4770529429513657,0.11023941782507574
id05238,6.135896345895143e-12,0.9999999999911742,2.671431141407211e-12
id00935,1.066400439415183e-05,0.00048255077661685995,0.9995067852189828
id00110,0.0165771564535431,0.0003283886872279558,0.9830944548592304
id17476,0.9976164496934564,0.001400192641441256,0.000983357665095214
id15170,0.9999925138881678,7.470899285591558e-06,1.521255729141934e-08
id13397,0.3440793084980292,0.011749508264556023,0.644171183237417
id24283,0.03878991467445776,0.44860833919743376,0.5126017461281036
id15234,0.9997285505386274,0.00026669499009432303,4.754471272862078e-06
id16884,0.773885658570334,0.20695660189793452,0.01915773953174058
id07831,0.7858906475868948,0.13456823962934214,0.07954111278376201
id16038,0.9924382075098663,0.007120812562083189,0.00044097992805171114
id03629,0.9858230594268411,0.010702016482634562,0.003474924090525479
id21019,0.997884447246693,0.00040600255358594546,0.0017095501997266734
id21835,0.45978287871580226,0.14872528913301875,0.3914918321511777
id04480,0.00011035023846860187,0.9998896331801531,1.6581380671814633e-08
id20838,0.9861488918818926,0.011523153230358562,0.0023279548877547626
id24195,0.9212012975211431,0.023013784940880338,0.05578491753798088
id05448,0.9551920744938831,0.04471404658724278,9.387891886602119e-05
id15957,0.045778571682240254,0.9538681578632021,0.00035327045454973247
id19956,5.217113975236971e-05,1.0624006786506152e-08,0.9999478182362431
id15104,0.00028149098539562254,0.0003256705597738357,0.9993928384548365
id17559,0.9136387371647988,0.06612902540894622,0.020232237426261724
id16839,0.13687133600532847,0.016379658978918847,0.8467490050157424
id14493,0.7179965173886859,0.0008818386722723221,0.281121643939042
id08833,0.8682780102376152,0.00026944229021563137,0.13145254747217067
id15723,0.11464482328992265,8.267797041247014e-05,0.8852724987396642
id02716,0.999946174211344,3.9574994323142004e-08,5.378621366966467e-05
id06689,0.0006598581865492225,0.9991857167319402,0.00015442508151930804
id18837,0.04482864536489541,3.2847925702453364e-05,0.955138506709403
id04466,0.9980941256491965,0.0015228518509594658,0.0003830224998398898
id00686,0.9998079257023031,2.9139435505082223e-05,0.00016293486219345592
id09010,0.019007229041924194,0.980971680752992,2.1090205080494466e-05
id23353,0.9987550945350927,0.00035554952162212026,0.0008893559432800318
id00066,0.9685122473432592,0.02618295396490194,0.005304798691843612
id15724,0.02345672164037607,0.9706788613587767,0.005864417000846092
id23486,0.06558699998079935,0.0029880786340786506,0.9314249213851185
id22258,0.001497684771780605,0.00019562028463759073,0.9983066949435788
id02292,0.98153039375019,0.0030882411590583557,0.015381365090755722
id16356,0.045379177722000515,0.00048403402101532457,0.9541367882569857
id00235,0.9994412120824466,1.3496235587355453e-06,0.0005574382939815641
id25522,0.004406195482045696,1.0621595210348896e-05,0.9955831829227464
id04204,0.07333335696501318,0.9257468850907293,0.0009197579442582587
id22016,0.9710037434834785,0.003156020353488623,0.02584023616303205
id06480,4.350826631153872e-06,0.9999787957244785,1.6853448894971958e-05
id08718,0.03648507256140363,6.283739579158268e-07,0.9635142990646385
id05251,8.247871421617485e-08,0.9999999084735111,9.04778787874453e-09
id03359,0.9822271519218235,0.016826457186471237,0.0009463908917013504
id16117,9.767502821656475e-05,3.303406426194111e-07,0.9999019946311481
id17000,3.268088699703745e-06,0.999996675237935,5.667335559877936e-08
id01730,2.991298322767254e-05,0.9999692954505093,7.915662520753301e-07
id00630,0.7532067933435618,0.2464191236041968,0.0003740830522530541
id18175,0.012589173937225601,2.6222811530390067e-06,0.9874082037816202
id00907,0.9991937847478523,0.00026340120710063744,0.0005428140450502805
id18251,2.225841485764808e-06,0.9999977720021672,2.156350405728246e-09
id25861,0.8897462182812129,0.08140958539189928,0.028844196326886715
id00398,0.9279239411212588,0.024640800581877682,0.04743525829686751
id27573,0.9999998889983991,7.238090542767657e-10,1.1027777978140425e-07
id10022,5.954122448688458e-09,0.9975579523996378,0.002442041646222116
id15901,3.8443211470993844e-05,1.1707438274367498e-09,0.9999615556177861
id00451,0.0024157440849463395,0.001217666500800677,0.9963665894142562
id23129,0.004129778555884896,0.9958242867898105,4.593465429882684e-05
id26498,0.242753039041756,0.7549522456035962,0.0022947153546426426
id14741,0.30476702623130447,0.6921982447334746,0.003034729035235116
id18453,0.0049427736097395255,0.00017515805178527083,0.9948820683384695
id08309,0.9955324331701761,0.0026490304670794204,0.001818536362740768
id00320,0.9999999913315755,1.5236595994548478e-09,7.144764048284084e-09
id07688,0.06276943923665329,0.000836534697588025,0.9363940260657615
id01556,0.00011118539074216702,2.6690259245384743e-06,0.9998861455833316
id00178,0.5093359572114585,9.439944399300515e-05,0.4905696433445413
id18902,0.0006629633556438584,0.007825650064532175,0.9915113865798145
id27002,0.9851053738196413,0.010846254037332477,0.00404837214302698
id21418,0.999999949661094,5.0183745559421636e-08,1.5515829541760253e-10
id23018,0.6832938036554118,0.018503388003891088,0.29820280834070445
id07032,0.036070213464534054,0.005387483538822151,0.9585423029966385
id16195,0.12087818232353964,0.00018476221060204212,0.8789370554658562
id11202,0.013796379449728533,0.9849828528756693,0.0012207676746027708
id09578,0.9734215846660995,0.0024197615143271077,0.02415865381957845
id26984,0.9646992836346927,7.727360228644553e-05,0.035223442763029515
id19856,2.9532154641801973e-05,0.9999673931416225,3.074703738564249e-06
id12086,0.8695952104829304,0.0028475486167715714,0.12755724090029535
id12052,0.06962672291817164,0.001966060504664138,0.9284072165771593
id17728,1.6916463220655814e-09,2.1314926226428003e-08,0.9999999769934074
id24608,0.519426203356895,0.009649851298697647,0.47092394534440013
id21097,0.003106754182156956,0.00018518682665324965,0.996708058991197
id20179,8.353539023505164e-12,5.5972333742812825e-14,0.9999999999916076
id15144,0.909162217341887,0.04106598221935435,0.04977180043876398
id00206,0.9998133134852519,9.103843084728233e-06,0.00017758267166202731
id22285,0.004474849143557907,0.00011084080867171617,0.9954143100477681
id06417,0.11482172676366102,0.5672891215636716,0.31788915167266313
id00215,0.0005550210977850185,0.9994447896856128,1.8921660333989135e-07
id04201,0.7095535597111368,0.0020047115375463496,0.2884417287513021
id21771,0.9996799646250869,0.00010821063290506174,0.00021182474200824364
id12451,0.00016477248371815875,0.4292481931456622,0.5705870343706134
id14250,0.00505432186442554,0.9327886344668225,0.06215704366875614
id03433,0.00025303221247829195,0.999591053572984,0.00015591421452988311
id03303,0.01638193487769047,1.6710221173343394e-05,0.9836013549011412
id25901,0.31194285998216015,0.3806183251444279,0.3074388148734132
id06945,0.9950099686588879,0.002375540468339387,0.0026144908727645084
id05664,0.9461071001637653,0.00023817053147643099,0.05365472930475071
id05741,0.9999997976015293,7.939420409265485e-11,2.023190660441835e-07
id10652,0.9818801615513689,0.008276317053536403,0.009843521395097398
id16300,0.9998813467765916,5.420973556304702e-05,6.444348784065725e-05
id12319,0.6606975098522129,0.09209246155667954,0.24721002859110652
id07500,1.2836431554569942e-06,0.9999987163513883,5.467016399368344e-12
id12478,0.6123863665852183,0.005717260844215835,0.381896372570571
id03076,0.0019864544432563317,2.7794893596814065e-08,0.9980135177618512
id00969,0.19838600629862502,0.7974637025839352,0.004150291117439473
id23636,0.023596553453724998,0.9710380195701086,0.005365426976166217
id09791,0.028373335624287076,0.009636051504402667,0.9619906128713089
id05680,0.0004593104231366453,0.3145730114053817,0.6849676781714731
id03672,0.0004145642015259208,0.7438889102003174,0.255696525598156
id04286,7.1445574445605964e-06,0.9995284825113754,0.0004643729311882894
id23883,6.959711070229112e-07,0.5197359032868334,0.4802634007420564
id11914,0.7526479454159526,3.50583378205646e-05,0.24731699624623144
id20974,2.6990039707934665e-05,0.9999662314170337,6.778543262056945e-06
id26125,0.00012005937248035061,1.301740084894745e-07,0.9998798104535102
id15543,0.15544302246847896,8.242358343550055e-05,0.8444745539480829
id19471,0.9999998732972979,3.563650740412366e-09,1.23139056836009e-07
id11503,0.941897751539249,0.05360664350041745,0.004495604960338497
id09321,0.0027200454378224007,0.9802152335539894,0.017064721008191376
id25560,1.1840433032035457e-11,1.787803986575704e-10,0.9999999998093787
id06726,0.3395925450681045,0.2215191319255067,0.43888832300638553
id05709,0.9986358914235013,2.720577864406094e-07,0.0013638365187151232
id09788,0.012031582758171766,0.8060369911699373,0.18193142607189527
id05289,0.9999999766358248,2.3346034445312306e-08,1.813954689404564e-11
id11815,0.0005284130707411835,0.9994689897904208,2.597138833058782e-06
id22422,0.8297440352062959,0.01528848274788741,0.1549674820458219
id25954,0.9922697888801052,0.0004584489293258602,0.007271762190564752
id13601,0.8166362448036588,0.06362505660918506,0.11973869858715054
id05677,0.8561365347058238,0.0004480315333398572,0.14341543376084828
id10498,1.808102434766364e-05,0.9999819092574601,9.718183800794684e-09
id02665,0.3203003686459345,0.6724340520952722,0.007265579258795667
id10114,6.935338663900903e-05,0.8855581210138618,0.11437252559950457
id26314,0.9614721969250614,0.034795256706496344,0.003732546368434805
id21240,0.18126251240224112,0.3931587076326258,0.4255787799651265
id15569,0.9998973979047159,0.00010177862299399243,8.234722868797076e-07
id25928,0.11745432386848917,0.012491829256584009,0.8700538468749285
id22706,0.0044437865334286866,0.9955548631477984,1.350318778303552e-06
id20877,7.530851652873921e-10,0.9999955724401596,4.4268067463258115e-06
id04318,0.9933971398296961,5.367630488892095e-05,0.006549183865407939
id18299,0.665094918303623,0.26070237163874843,0.074202710057636
id08126,1.986592094546061e-06,1.4504240815512707e-11,0.9999980133934032
id14293,0.7243975774494429,1.1072813013408785e-05,0.275591349737545
id12759,0.9999934715327651,4.322604176013199e-07,6.09620681646055e-06
id11983,0.8974186487018881,0.080127408712069,0.022453942586044464
id05580,0.04225821691100243,0.9364129591301941,0.021328823958792677
id25846,0.37239008581462857,0.42874594820604683,0.19886396597933137
id01939,0.6561395735654848,0.0030980242753496667,0.3407624021591646
id26327,0.30371767885352635,0.3869532670811334,0.30932905406533573
id11068,1.8814948797771483e-05,6.983571625705283e-07,0.9999804866940382
id08404,0.9993702542667813,3.4232221889856547e-06,0.0006263225110311213
id27189,0.698349084948763,0.30111585127066326,0.0005350637805747821
id15119,8.138265279991673e-05,0.9983265554163501,0.0015920619308530065
id26525,0.9998151070946469,5.764494137230829e-07,0.00018431645593873437
id03618,0.8535130561666456,0.14170354748159322,0.004783396351758646
id27220,0.999964185217857,3.5239694918382474e-05,5.750872272429637e-07
id18777,0.12608725114009856,2.07000604645277e-05,0.8738920487994356
id20213,0.9958951445195522,0.00022352262504964733,0.0038813328553965803
id20403,0.9619295858798825,0.03780543433615485,0.0002649797839449976
id03777,0.005037154939477569,2.6059835196396806e-05,0.9949367852253335
id10595,0.0004685944690789677,0.9995219157759142,9.489755010345747e-06
id13816,0.19708967523461637,6.316283934185294e-05,0.8028471619260428
id05667,7.4333070375367195e-06,5.567762978256882e-08,0.999992511015335
id24629,0.7617245398570412,0.019611887843180336,0.21866357229977748
id20398,0.027711626020011,0.004442326190002602,0.9678460477899793
id14108,1.5390564405769264e-07,1.7765186110056027e-08,0.9999998283291673
id06196,2.3768453897943393e-08,0.9999999578222322,1.8409324499999605e-08
id02800,0.32874782233229005,0.6491015997288734,0.02215057793883543
id18732,1.2890525426650472e-06,0.9999903812844916,8.32966296513647e-06
id11915,7.093532277645294e-05,0.9991187005691039,0.0008103641081057265
id09739,0.9882640364943844,0.00031260309055999635,0.011423360415055817
id24672,0.9999487949429869,5.109223371513714e-05,1.1282330535488211e-07
id00414,1.1946956637303247e-09,1.743853469617014e-07,0.999999824419953
id16307,0.9995946723641437,0.0002339306098588045,0.0001713970259978484
id14043,0.38302127867627966,0.004299070290778677,0.612679651032943
id00517,3.2972818537834614e-16,2.7990118589294637e-19,1.0
id09744,0.9999923390492594,7.660848207785528e-06,1.0253582728505596e-10
id19257,0.9999763573877286,8.577304099700646e-07,2.278488186032645e-05
id15437,0.625931540378321,0.37151944282466226,0.0025490167970158004
id16352,0.0044965952952160885,0.0006328644487205325,0.994870540256066
id18849,0.8143528906170557,0.0353957345588704,0.15025137482407172
id19434,2.206113589638138e-11,0.9999999999778173,1.1423829140970624e-13
id17928,0.008272004182558303,0.0002557313890392634,0.9914722644284109
id16896,0.05506839089957928,1.9798596679933367e-05,0.9449118105037372
id02135,0.083913522992076,0.5125362882054579,0.4035501888024654
id15075,0.996521030385724,0.003184027359107255,0.00029494225517204487
id27486,1.646221338820941e-10,0.9999999998351469,2.5810678611381257e-13
id19422,0.99566683887842,0.0042395086764478365,9.365244513026586e-05
id09603,0.00765253073057326,0.9807341821065605,0.011613287162862185
id02133,0.0638001726289723,0.9339604247666093,0.0022394026044172052
id03441,0.34133705712114315,0.00016627249339903175,0.6584966703854643
id02398,2.6617210407188493e-06,0.9999973373136266,9.65339830987095e-10
id05152,0.3603059245611565,0.0008547464539586215,0.6388393289848893
id17838,0.7865391338990108,0.0042591052953463125,0.2092017608056433
id25060,0.9999972321341952,2.2027354996423714e-06,5.651303043283824e-07
id09998,0.0028315343619767703,0.00010176778238324161,0.9970666978556423
id01828,2.132192242607949e-05,0.9992519299841728,0.0007267480934081349
id25377,0.5212871935393559,0.005250523680058136,0.4734622827805902
id22175,0.013427508124110048,0.9864540847277907,0.00011840714810543572
id02974,0.009754102707653397,2.9333123443063976e-05,0.990216564168913
id26955,0.999994745883065,4.877662424469288e-06,3.764545151435277e-07
id21091,0.9982894470970847,0.0003138942909934237,0.0013966586119249806
id12802,0.9996796148461023,0.0002968250305962307,2.3560123297472904e-05
id07432,7.931557608141418e-15,1.0,4.541783663252821e-15
id18749,0.04193573213838732,0.6744034403489815,0.2836608275126348
id15030,4.6282349745383866e-07,4.7849913028371584e-08,0.9999994893265877
id17155,6.364717443861714e-06,0.9999935381174735,9.716508922957813e-08
id08128,2.152906355511762e-06,0.999522452231949,0.0004753948616921168
id25706,6.388755086065556e-08,0.9998585539234859,0.00014138218895826563
id15645,0.9980308392024251,0.0017225580175062117,0.00024660278006809975
id04943,0.992910549866289,0.0035109524393241902,0.0035784976943688054
id27566,5.354012609322834e-07,4.536979089394713e-06,0.9999949276196564
id11765,0.031027469937183527,0.24011554814104408,0.7288569819217648
id13783,0.3790454917784975,0.3190016511999385,0.3019528570215654
id00492,4.517951013970215e-06,3.0304733322685153e-07,0.9999951790016433
id27636,0.0007669673049102839,0.0002659301426374991,0.9989671025524597
id04273,0.9724005207152625,0.023504372617138,0.004095106667598223
id02537,0.5612617993636565,0.009970306290172194,0.42876789434617235
id24349,0.9649775903357811,0.03500166548165163,2.0744182567542383e-05
id00023,2.313546411851388e-08,0.9999969508512814,3.026013261406789e-06
id23025,0.010861469475323807,0.9890918217281957,4.6708796466660014e-05
id08722,0.9782652621853318,0.0007449578671242342,0.020989779947546434
id02420,0.9999999867345595,1.3204569168086273e-08,6.087251213676151e-11
id10811,0.999800493735812,1.9415456177545838e-05,0.000180090808005724
id04019,3.1282257277457386e-07,2.063728911414031e-06,0.9999976234484983
id18334,0.9999602546315971,3.829959169013862e-05,1.4457767180981557e-06
id16781,0.9954017582896453,0.0036303360952056043,0.0009679056151432934
id08773,0.10943239439928522,0.8905640925751571,3.513025562356313e-06
id19214,0.9487206353331955,0.039663374286004326,0.011615990380808119
id09589,2.782174449071325e-06,0.9999612436913232,3.597413422665157e-05
id24246,0.9991493957360512,0.0008464524391237706,4.1518248386067215e-06
id23577,0.952440595939837,0.04755523945937708,4.164600777074376e-06
id09305,0.9933150197047524,0.00018722910876361508,0.006497751186484603
id16460,0.9291595245448633,0.005252299104901237,0.06558817635023666
id21115,0.9786254498503525,0.0019249786492691779,0.019449571500382883
id25996,0.6543154520140669,0.01733345706530293,0.3283510909206253
id02551,3.0058735540010638e-06,8.918404735830607e-05,0.9999078100790835
id19352,2.6797557346578938e-06,2.4253464748094116e-11,0.9999973202200051
id03806,0.0004986835203498027,1.4469081723901141e-05,0.9994868473979286
id26544,0.9364761680659531,0.0003439076231561602,0.06317992431088802
id18761,0.9974577233317962,0.0004605923165768684,0.002081684351625858
id24148,7.84625638906158e-05,0.9999070284786864,1.4508957419491243e-05
id16095,0.014329918933681527,0.9773051200064974,0.008364961059815882
id18442,0.9159456127107047,0.014732894285760427,0.0693214930035468
id22596,4.1659302321520553e-13,1.54201136462358e-15,0.9999999999995863
id23002,0.022594340371325967,0.0002838847451580623,0.9771217748835196
id04797,0.9999989999477449,5.111764965661351e-07,4.888757614046807e-07
id06610,0.0009914486459680514,7.976561195286876e-06,0.9990005747928451
id16173,0.9478384006405685,0.037068285569929686,0.015093313789494394
id18292,0.00019667226779435814,2.5972799719422182e-05,0.9997773549324828
id27328,0.9997876135851916,4.464635271368186e-06,0.00020792177954305686
id01695,8.768851953931149e-05,0.9999121629926397,1.4848783716019602e-07
id05761,0.9075784988999341,4.147318226888744e-06,0.09241735378184118
id16354,0.9907966717536895,0.00010610538394805086,0.009097222862365861
id12207,0.0009191801096805357,0.8804438115154511,0.11863700837486316
id05665,4.829721187673918e-05,3.3534853011222806e-07,0.9999513674395842
id01911,0.9984529462278307,0.0015081134576429246,3.894031452766442e-05
id19153,0.0010422536720099392,4.268689627492358e-05,0.9989150594317086
id10295,0.20163890188178218,0.7970637596814595,0.0012973384367455118
id23038,0.8509412568165796,0.05420605088592386,0.09485269229750046
id23783,0.010751002020327355,0.9892409123799284,8.085599758924804e-06
id27879,0.9523827164126368,0.045991095979010105,0.001626187608346764
id19190,0.0012147669159457315,0.9987851716184843,6.146556905250613e-08
id05065,0.9998658662809394,8.668892571115634e-05,4.7444793343359406e-05
id21296,0.00024908861863844327,0.999441989112828,0.0003089222685291777
id13262,0.1672029130146186,0.08782741880641842,0.7449696681789584
id10333,0.9997987372558929,6.127919372008183e-05,0.00013998355038149452
id16677,7.193091255599127e-08,0.9992225579129931,0.0007773701561164017
id01392,0.713332392978916,0.0003997899054787884,0.28626781711561566
id27874,0.9810616740464273,0.010885380974560505,0.008052944979008832
id02294,0.05714318382084773,0.9394991592690499,0.0033576569101092073
id18298,0.0012229575742426118,0.022929225954208342,0.9758478164715522
id06997,0.9998257858468808,3.502678108457152e-05,0.00013918737203836627
id05243,0.5891761373203915,0.07472705905028824,0.3360968036293254
id00860,4.7674617314325804e-06,0.9992735790542517,0.0007216534840028612
id26681,0.999999622646238,3.434969269088484e-07,3.385683700772098e-08
id06020,1.349539026701504e-11,2.4572846912819645e-18,0.9999999999864855
id27683,0.6052487101369011,0.29665327360476396,0.09809801625833466
id17655,3.735742689158056e-10,0.99999999962187,4.582911432992556e-12
id08817,0.00254174211846932,5.284959577319208e-05,0.9974054082857587
id11512,2.4430758717304087e-07,1.4346300411777776e-05,0.9999854093920099
id00478,0.0875186677731849,0.0004578593517818562,0.912023472875041
id02116,0.9981186134161749,0.0015898656912376773,0.0002915208925862348
id06746,0.9982702705801602,0.00045644425516454257,0.0012732851646828649
id03863,0.939423791842194,0.05113691264267669,0.009439295515130591
id01802,0.0007876384240592126,0.9990889587802328,0.00012340279570395815
id11682,0.67500039157243,3.236975082525705e-05,0.3249672386767541
id04033,1.8326091804813057e-05,0.9999020785988515,7.959530934549152e-05
id09286,0.07238952736342154,0.8616733983502833,0.06593707428630467
id12904,0.9999999819119145,1.80019296537088e-08,8.614054526340572e-11
id07420,9.696219280146443e-09,1.7361133363496012e-09,0.9999999885676646
id22398,1.981729486155718e-12,0.9999999998096545,1.883647731790491e-10
id00424,0.0014388202613309783,3.85591244297124e-05,0.9985226206142378
id20960,0.9997970333725226,0.00020124467896339324,1.7219485112154332e-06
id10267,0.9600936082165901,0.007856250605463225,0.03205014117794985
id19330,0.22023833941199622,1.8523539951729278e-06,0.7797598082340105
id00994,5.715507456398842e-06,0.9999923314073054,1.9530852534466944e-06
id10785,0.9794359327397406,0.00271980646946679,0.01784426079079504
id00955,0.04046653954903698,0.9470857139299439,0.012447746521026745
id09757,1.080936873232404e-07,0.9999998907444675,1.161860100326434e-09
id10030,0.1786231287026591,0.006592956107364825,0.8147839151899808
id22952,0.02800755366769914,0.02582594502567307,0.9461665013066316
id21955,5.283228894373145e-09,1.0693070635853146e-06,0.9999989254096974
id07674,0.9300887975301633,0.0004226699477887397,0.06948853252204605
id13760,7.469036622292842e-07,0.9999992142171285,3.8879206894114764e-08
id18166,0.9972560202796747,1.2263508734659145e-05,0.0027317162115977644
id23498,0.9344251352097601,0.06555196966335385,2.2895126887164418e-05
id05296,0.9998137219571366,2.6242919675031187e-06,0.00018365375089407694
id26709,0.9905173191818349,0.0080873619336876,0.00139531888448611
id02853,0.9985569357187755,0.0014235193256578924,1.9544955568618042e-05
id06800,0.684273998150031,0.027087854131160927,0.2886381477188132
id14758,0.037698100586600405,0.7968722777999461,0.16542962161344604
id12356,0.9999517098195186,4.748141323008231e-05,8.087672426033753e-07
id21492,0.990416346695797,0.007733711854496683,0.001849941449699208
id27540,0.4016027143274766,2.948300843337009e-08,0.5983972561894954
id07376,0.1438713355356323,0.0789852985485683,0.7771433659158076
id15201,0.13273181469313247,0.8668601115191211,0.0004080737877617944
id23388,2.3467277767286464e-06,0.9996236920022671,0.000373961269948628
id13923,0.0010902547421972328,0.9989095526542645,1.9260354245541012e-07
id00794,2.2206443138041108e-08,0.9999998175823889,1.6021117229225947e-07
id23910,0.17169381811894152,0.029050980976935745,0.799255200904116
id02556,0.01836948945784592,0.03385519083700974,0.9477753197051476
id22151,2.5995922076681332e-08,0.999999973600974,4.0310847789903633e-10
id11698,0.004494765325174385,0.9941415632061343,0.0013636714686996241
id11627,0.9441008923791212,0.008043473414723121,0.047855634206146525
id06340,0.9999999748445833,1.5583947577893786e-08,9.571474281002599e-09
id05123,0.9971983219671119,0.000882471421306603,0.0019192066115835797
id26620,3.7898568234491594e-05,4.53242756073714e-07,0.9999616481890039
id04002,0.00039997834151789805,0.01877830107336608,0.9808217205851205
id26554,0.13130905608388038,0.20050619713577159,0.6681847467803592
id18012,0.0002429935765011504,0.016200475476903984,0.9835565309466038
id12964,0.199575165773418,0.0021181414242308406,0.7983066928023562
id18965,0.0005923759613043185,0.9273846805821171,0.07202294345659217
id19082,0.05251013211922635,1.040381925639902e-05,0.9474794640615138
id26742,1.5779401847190279e-06,1.068579323710426e-09,0.9999984209912369
id15442,0.1455321051132042,0.8540394746501881,0.00042842023660392715
id16647,0.8558980720008792,0.0022494083112262983,0.1418525196878964
id11544,0.2543629900930756,0.045283796934810515,0.700353212972111
id20581,0.7065973025503759,0.00808267435270971,0.28532002309691673
id13192,0.01077852297249904,0.9867332710111064,0.002488206016385917
id15814,0.18307500690456827,0.0036011215830638287,0.813323871512363
id26279,0.02029967611757916,0.979657323669176,4.300021325980784e-05
id00240,0.9985251203184838,0.0007759588030490189,0.0006989208784656578
id22836,0.99999994835072,3.443803416654859e-08,1.721122924549691e-08
id15085,9.446216234097797e-07,0.9972951615396846,0.002703893838703399
id17495,0.9639150694584879,0.0001478376000867156,0.03593709294142022
id26762,0.9647080817216271,0.020148239925676104,0.015143678352693025
id13685,0.9999915583234956,2.3347419681349857e-10,8.441443039090463e-06
id16560,1.3998775937489267e-05,0.9999837441214657,2.2571025912835372e-06
id17184,5.350420152328616e-09,0.9999993619539195,6.326956661278847e-07
id21635,0.9999990847869844,7.579462620065587e-07,1.572667392669167e-07
id26751,0.016198183411223806,0.9685704087992256,0.015231407789542404
id12351,0.9995305119382862,0.00016104320241890877,0.00030844485929312266
id14872,0.9599911343564064,0.011096394025883293,0.0289124716177068
id18372,0.9995380417249488,0.0004213104146515121,4.0647860395015365e-05
id26851,0.9873974818457509,0.007351664371958572,0.0052508537822902775
id22659,0.006188987180840863,0.9938110069855577,5.833588981647757e-09
id04102,1.6219011364042304e-06,5.046624489194336e-11,0.9999983780483921
id02353,9.191117657205734e-06,0.9999855860750979,5.222807243219384e-06
id26721,0.9999201529976843,7.979638954364747e-05,5.061277466053963e-08
id11171,0.9774756278317897,0.0002739453148983994,0.022250426853315297
id13562,0.7471639862530035,0.16232283059574915,0.09051318315124404
id26425,0.9707017250616833,0.0001426179580547841,0.02915565698026079
id26394,0.7745216704134853,0.00048276656775733554,0.22499556301875526
id22187,0.8472748526165765,0.12970904194848593,0.023016105434944957
id00422,0.9999999750763982,8.191270155586345e-11,2.4841671097031065e-08
id22667,5.800368850437354e-13,0.999999999999409,3.600523056704798e-16
id00911,0.9930622954598524,6.212006011812637e-05,0.006875584480027181
id17291,0.08551885411194823,3.24871967338368e-05,0.9144486586913128
id01915,0.009742225882654509,0.013262539988108247,0.9769952341292341
id01434,0.06935740082024915,0.0016485296845769352,0.928994069495177
id01584,0.9813508112388245,0.00018840968522841918,0.018460779075944414
id09266,0.9958397570624459,2.3269937604191268e-05,0.00413697299995523
id17494,3.227356017761661e-05,0.9999548150418653,1.2911397952403024e-05
id24919,0.5059773109747617,0.12110912596076155,0.3729135630644789
id21043,8.106154833843493e-08,1.7317587205659708e-16,0.9999999189384562
id17796,3.711252283051138e-07,0.9999996011553649,2.7719400603690635e-08
id02166,0.02789901389302339,1.4135701440436004e-07,0.9721008447499727
id17503,0.9902038140489615,4.6056056892477744e-08,0.009796139894997368
id21203,0.6448460833156349,0.022622686378324965,0.33253123030604
id25626,0.9999999993585935,1.925205803595235e-10,4.488787091393726e-10
id09836,0.9999988879008234,4.7326229760535847e-07,6.388368712374344e-07
id24202,0.009512346437835675,0.027599602891017507,0.9628880506711559
id27260,0.9312423054885036,0.0001307458102105039,0.0686269487012846
id23167,5.374887373064059e-07,5.901310871214043e-08,0.9999994034981559
id10393,0.008614443081634175,0.990755630856042,0.0006299260623301741
id01171,0.9567512090824991,0.04324876906821768,2.184929215476339e-08
id06380,0.9993303082383531,0.0004160009344335342,0.0002536908271992971
id22686,0.495657425787284,0.00031883938416841395,0.5040237348285518
id26250,0.7498206484220138,0.0007415740926345941,0.24943777748534457
id09315,0.03768635536875675,0.957345667199924,0.004967977431313817
id00886,0.32141913120000604,0.6765429037534921,0.002037965046502154
id03101,0.8964072281007097,0.08548876304913083,0.018104008850157987
id12367,0.780952583324988,0.0004379178831405275,0.21860949879187605
id10770,0.9986658826181438,0.00013768447233766814,0.0011964329095227155
id14949,4.0897156616967955e-05,0.9999590389007521,6.394261287903666e-08
