id,EAP,HPL,MWS
id02310,0.05562757808398172,0.015437833309967326,0.9289345886060525
id24541,0.8114412723056317,0.17638174691119765,0.012176980783162891
id00134,0.012219566892045241,0.9875272047892072,0.0002532283187411199
id27757,0.13274579872775902,0.8630367169544817,0.004217484317759783
id04081,0.8251497565437929,0.014532884255086856,0.16031735920111492
id27337,0.9796156691176179,0.019623605677904884,0.0007607252044833513
id24265,0.9619974364382369,0.03721591017090679,0.0007866533908570995
id25917,0.005810521583964743,0.41265118599640116,0.5815382924196317
id04951,0.8883199451423324,0.10941628533450695,0.0022637695231635256
id14549,0.9836694777842782,0.0016230614519314856,0.014707460763789752
id22505,0.013847394442285638,0.9831189350408233,0.003033670516892336
id24002,0.03398611395974887,0.9517752404107032,0.014238645629563524
id18982,0.0006910272964746277,0.0007444745094291489,0.9985644981940983
id15181,0.03016781386592309,0.9694775155094598,0.0003546706246149636
id21888,0.7301742543955655,0.22726601502983357,0.04255973057459915
id12035,7.400910299331375e-05,5.38147396437066e-06,0.9999206094230402
id17991,0.35667696384374803,0.005053522551860378,0.6382695136043905
id10707,0.9999912359642884,5.999807410354436e-06,2.7642282994525278e-06
id07101,0.9684072506330407,0.025752753749231652,0.00583999561773081
id00345,0.9548908480920756,0.025409383270547453,0.019699768637381446
id05912,0.9896169581131646,0.003259387306244854,0.007123654580591966
id13443,0.5224046489583335,0.3737345934236852,0.1038607576179813
id09248,0.3957909597017492,0.3881786524905031,0.21603038780774975
id17542,0.8493857559661013,0.03988884608892599,0.11072539794497153
id06995,0.003859052403287001,1.5924523953702496e-05,0.9961250230727566
id25159,0.7837767189753687,0.01129265746555432,0.20493062355907563
id25729,0.881255631138932,0.023240046545456652,0.09550432231561032
id26949,0.9720905097454846,0.01963386819756526,0.00827562205694482
id27191,0.01857772683051909,0.0035407192690199507,0.9778815539004571
id07668,0.05132364665456444,0.0002553309331878396,0.9484210224122429
id02230,0.44199727323367394,0.08310125797514985,0.4749014687911759
id15553,0.9904311813450121,1.716103152020842e-05,0.009551657623471786
id25688,0.21158084390462942,0.6934175509265212,0.0950016051688482
id17545,0.6907501880138377,0.23678266638897988,0.0724671455971794
id13929,0.5785186959949665,0.1314899145180912,0.28999138948693964
id12880,0.5216725957608851,0.45646022257133095,0.02186718166778117
id19282,0.8342627914366257,0.02679416521120972,0.13894304335216323
id14690,0.014995743781983649,0.0004576947818206763,0.9845465614361945
id17975,0.2042031858651597,0.574978786695322,0.2208180274395153
id08037,0.9980754495210231,0.00016680758622887384,0.0017577428927531978
id15412,0.8125836496285644,0.008357996177595181,0.17905835419384322
id25032,0.5390301899269065,0.06237912113298575,0.39859068894010535
id27165,0.9558855096871219,0.025155383188498366,0.018959107124378937
id03327,0.7085992022886685,0.2714923712048234,0.019908426506502413
id18515,0.777177420567979,0.07322593711877867,0.14959664231324152
id21003,0.22607204208564496,0.2790271136250196,0.4949008442893299
id23855,0.16850906583406536,0.5908166871575986,0.24067424700833462
id20724,0.9556797831824095,0.028620456744483148,0.015699760073109175
id13303,0.8986149586377481,0.05877775472841057,0.042607286633840266
id16521,0.06778120433477422,0.5045940470344638,0.42762474863076666
id20775,0.9850005144757206,0.009673750050735943,0.005325735473548669
id13029,0.851512565733647,0.08227909718631427,0.06620833708003587
id14660,0.9677304762650693,0.013646198488165473,0.018623325246768973
id11028,0.030049916160092473,3.664417185576261e-05,0.9699134396680467
id14180,0.9500678710723636,0.03295419446614694,0.016977934461489663
id25860,0.9999072519775456,9.145830844604341e-05,1.2897140119058588e-06
id11910,0.7709338071205076,0.0014939572962326072,0.2275722355832636
id08065,0.3534018402965243,0.021304862117906838,0.6252932975855688
id22674,0.0007584924378412727,0.0015519646969287162,0.9976895428652359
id25018,0.5252861445628766,0.01514662063424414,0.45956723480287814
id10892,0.005066504698878072,0.9948022871938863,0.00013120810723122434
id10217,0.3326673425911462,0.6673178640086984,1.4793400154993443e-05
id12996,0.8358488020859943,0.01695015732825888,0.14720104058574854
id18262,0.40032375210442195,0.00043291039188755767,0.5992433375036907
id08606,0.04568582371914475,0.9294836713684894,0.02483050491237828
id17233,0.7828336561855892,0.055959692601119965,0.16120665121329023
id00101,0.7945057486588434,0.18834264656454927,0.01715160477661617
id12225,0.7732624127627848,0.07398228727313054,0.15275529996408566
id01364,0.01204678941519615,0.9873769925998364,0.0005762179849634155
id24973,0.9872826427726937,0.004742890895801583,0.007974466331506983
id25363,0.041798837134058194,0.019198133802385352,0.939003029063547
id10061,0.6171815599071997,0.08659439196431654,0.29622404812847997
id17673,0.7496505641485517,0.08338349899602207,0.16696593685543332
id13249,0.6112928735615301,0.11366902970665903,0.27503809673180846
id10107,0.16673378990577625,0.01357963833901053,0.8196865717552134
id04403,0.9992462415301359,0.00019640561966050992,0.0005573528501936608
id25728,0.7433917954344778,0.10931068900368726,0.14729751556183454
id16184,0.3281729145957928,0.08489168381904207,0.586935401585167
id03438,0.13167581389352687,0.0005179746010179773,0.8678062115054569
id22923,0.5119591686591217,0.48226087820668534,0.005779953134192822
id08610,0.9568514054473024,0.035863342972529966,0.007285251580166054
id25355,0.20694015682956446,0.370742779509719,0.4223170636607153
id16916,0.2531717476648229,0.7245884841169316,0.022239768218241657
id12793,0.0036828397228646503,0.9958695889704909,0.00044757130663833036
id11859,0.8271938717592282,0.020478888411318397,0.15232723982945642
id02434,0.9997832290863006,4.7309191709175645e-05,0.00016946172199556482
id27703,0.06629068690423617,0.0015282191763432407,0.932181093919421
id25212,0.00041912609090564046,0.9977585863591312,0.0018222875499596689
id11308,0.155699379210753,0.010723091912532125,0.8335775288767139
id26094,0.9455172925814652,0.042150407517905594,0.012332299900630941
id22080,0.970189483262805,0.02903667571453731,0.0007738410226551258
id03545,0.9817817703698164,0.01518024172544951,0.0030379879047349873
id23725,0.16317530319629822,0.14994368201431724,0.6868810147893831
id12009,0.56430702021404,0.3889880952227699,0.04670488456319114
id24241,0.5827985291700261,0.32758057131019147,0.08962089951978428
id03596,0.01910869269079848,0.9680700144013491,0.012821292907852474
id10749,0.08083650027074595,0.8831215498791767,0.03604194985008048
id22794,0.0009188038378399073,0.02832566791213708,0.9707555282500232
id15482,0.522997573928784,0.2653289839923689,0.2116734420788455
id04833,0.10317541910467103,0.46523964882674224,0.431584932068586
id00397,0.0006144159899479058,2.0327339324539142e-07,0.9993853807366658
id14691,0.0070162850954221855,0.9460027493979746,0.046980965506610226
id05193,0.42511401031605683,0.022988458806516184,0.5518975308774243
id19541,0.8723847229463616,0.09951125145267742,0.02810402560096954
id22166,5.577212552315991e-05,4.5295646148069117e-07,0.9999437749180135
id20744,0.0004147285093442151,2.9831312788995046e-05,0.9995554401778627
id10392,4.4222450175254864e-08,4.4435323154389874e-08,0.9999999113422083
id00770,0.7536449390922,0.08791552130759508,0.15843953960020124
id06018,0.6213655869462279,0.36772283585891374,0.010911577194852725
id15678,0.016572571398304873,0.0026849176666989085,0.9807425109349965
id08305,0.6260348037352953,0.36756914568932536,0.006396050575378693
id08903,0.24504375461773478,0.010715576903893305,0.7442406684783699
id14752,0.21891938517609225,0.5867173128769877,0.19436330194692397
id12468,0.03252818027720971,0.967427307753612,4.4511969176343144e-05
id05085,0.7432150965604607,0.23169309996673557,0.025091803472797485
id21993,0.16291530729245743,0.00016578455081050402,0.8369189081567296
id15503,0.7994131653040122,0.1241102578169629,0.07647657687902377
id03021,0.08374097132719771,0.7322733864231492,0.18398564224963904
id16123,0.9991492510791532,0.000247414809163145,0.0006033341116861061
id19383,0.9269111837965307,0.040038962834907765,0.03304985336856681
id04186,0.9969012881546,0.0011078643212753681,0.0019908475241172175
id17954,1.975287111623698e-05,1.3850441292474134e-06,0.9999788620847525
id12030,0.3729190978708069,0.0010985108875535535,0.625982391241641
id13020,0.8613369229685085,0.1324892154169193,0.006173861614568227
id25327,0.00053694842774019,0.07390144632639313,0.9255616052458583
id16344,0.6743507326784832,0.11126751156324304,0.2143817557582722
id12303,0.7096265962589967,0.2848999249318812,0.005473478809115923
id15017,0.008813117651237398,0.990560829358819,0.0006260529899256951
id22308,0.26282940371337754,0.08766055849852995,0.6495100377880915
id06536,0.004152598621556129,0.13226876233159865,0.8635786390468496
id19797,0.024243153741335895,0.8927861077275885,0.0829707385310748
id06332,0.002125846313779653,0.9334700351168199,0.06440411856939939
id22941,0.04719948465775071,0.6234023541230904,0.3293981612191541
id13547,0.0020538356359079903,0.3692412924754953,0.628704871888593
id06928,0.37937397822288554,0.02082969167654934,0.5997963301005661
id12521,0.5859142646304025,0.4027606597620893,0.011325075607513953
id25716,0.6276484564512017,0.023317810880658162,0.3490337326681394
id27116,1.4985133964757905e-09,3.8936431312086083e-13,0.9999999985011028
id19941,0.03951562649588406,0.9555595912509877,0.004924782253125455
id05711,0.02835289526016385,4.349172374625836e-05,0.9716036130160917
id02097,0.0012691982657930057,0.5378947526481895,0.46083604908601916
id03563,0.0008351553517894862,0.9991194670810647,4.5377567136982955e-05
id02295,0.32613715095683704,0.6182539214490518,0.05560892759411056
id08179,0.9976110208976954,0.0016228249506887356,0.0007661541516393001
id05332,0.6274953677946877,0.29414688546716783,0.07835774673814265
id15697,0.04585200937898139,0.036159223762619395,0.9179887668583995
id17026,0.5954528850808529,0.025006882149084152,0.3795402327700664
id04243,0.9934939685953448,0.0062888323822082835,0.00021719902244462757
id13175,0.7932610957712183,0.00037951176456138205,0.20635939246421053
id05387,0.7027355552528537,0.24257270470584305,0.05469174004130226
id19989,0.2014311750527411,0.5022657006391988,0.2963031243080536
id25173,0.2018756020172069,0.32624059833492614,0.4718837996478681
id08925,0.8092731884052511,0.1643202001079786,0.026406611486773993
id03034,0.020327912462993498,0.9727071234726979,0.006964964064311799
id13272,0.15554384543748617,0.6369230256295375,0.20753312893297954
id07956,0.45267264298792037,0.017173482066587836,0.5301538749454936
id02648,0.007557184508808381,0.0012056574671202216,0.9912371580240731
id01778,0.018844137111708743,0.002444705668219662,0.9787111572200753
id12846,0.00037418823445286935,0.0006092838256326473,0.9990165279399102
id19001,0.35374350158477214,0.027420683990625264,0.6188358144246036
id05763,0.8209586843516451,0.15872854053910085,0.02031277510925077
id15590,0.0002126208259748886,4.75782890940676e-06,0.9997826213451161
id04912,0.7495748030046557,0.06284990002699861,0.1875752969683438
id21201,0.7212205361104761,0.2581570231165019,0.02062244077302553
id13215,0.9898804460823302,0.0002030242881395128,0.009916529629533388
id15612,0.6660353397856763,0.24229933159221848,0.09166532862210472
id18501,0.13750641840112657,0.8245403308582936,0.03795325074058616
id07223,0.63896348193507,0.29920404628744207,0.061832471777492626
id06707,0.33259882708028354,0.48757480285888977,0.17982637006082708
id05238,0.0006943551009935678,0.9992701774398957,3.546745910562518e-05
id00935,0.005606171848245469,0.42796029319661405,0.566433534955141
id00110,0.01830058754839721,0.02179207383527279,0.9599073386163318
id17476,0.37118626155021817,0.08190976485200073,0.5469039735977789
id15170,0.8346607524800244,0.15836305782488802,0.006976189695089343
id13397,0.36098906341736237,0.07915100529306833,0.5598599312895726
id24283,0.28077498337482526,0.6768151219656693,0.04240989465950479
id15234,0.970054317388043,0.004871158263441195,0.02507452434851737
id16884,0.09944151909370928,0.8641074573200046,0.03645102358628524
id07831,0.8065805117786884,0.026005668218559336,0.1674138200027479
id16038,0.7757542685602029,0.16726903365049342,0.05697669778930524
id03629,0.708193773517085,0.2504403115099501,0.041365914972967356
id21019,0.973403126967405,0.007619575505975724,0.018977297526620585
id21835,0.2741318187840139,0.09297734551162624,0.632890835704361
id04480,0.22311301941436124,0.71334142793482,0.06354555265082179
id20838,0.793795945179669,0.19427033853136894,0.011933716288968796
id24195,0.42768304941031265,0.3081061940803274,0.26421075650936193
id05448,0.2723062986551132,0.7251639770472751,0.0025297242976063993
id15957,0.11234290356125988,0.8865216336647359,0.0011354627740004836
id19956,0.00030044791654186066,1.7575263550707352e-07,0.9996993763308247
id15104,0.010014128908921964,0.03627493051227964,0.9537109405787969
id17559,0.8823186825351375,0.09581000573968304,0.021871311725179993
id16839,0.15505125572246842,0.0022609989208875335,0.8426877453566449
id14493,0.2631266832103403,0.0021711335642627333,0.7347021832253964
id08833,0.846685663841539,0.01978007174859985,0.1335342644098609
id15723,0.06502127617672439,0.0002646660379515572,0.9347140577853285
id02716,0.9747551438655173,0.0007500682760882412,0.024494787858400032
id06689,0.18846681424565873,0.753498040994026,0.058035144760315314
id18837,0.787433715120092,0.0073609385565204495,0.2052053463233914
id04466,0.6207132547190197,0.3581869931729243,0.0210997521080548
id00686,0.8773051727600205,0.1051825577157931,0.017512269524182132
id09010,0.020134870368373057,0.9708779799435994,0.008987149688028169
id23353,0.9866567120364546,0.007078942878618859,0.006264345084922477
id00066,0.870118306404498,0.019190901174196296,0.11069079242130536
id15724,0.5885542463250447,0.20857415845716082,0.20287159521779452
id23486,0.03403962615935888,0.015208844035842072,0.9507515298048036
id22258,0.0007275834691655187,0.0016110622113613012,0.9976613543194766
id02292,0.9551713492960969,0.01696274411414928,0.027865906589755192
id16356,0.9470389345117488,0.037775554571155494,0.015185510917095153
id00235,0.987343292559029,0.0017463453522141353,0.01091036208875802
id25522,0.05622593812439426,0.09538605171114398,0.8483880101644626
id04204,0.02148152849826481,0.976054116729378,0.002464354772358267
id22016,0.841118967448703,0.06490285526741438,0.09397817728388325
id06480,0.0001450674009773596,0.9997637440164491,9.118858256720393e-05
id08718,0.019912793158028037,1.9378960748048177e-06,0.9800852689458993
id05251,0.02850851097517705,0.9696905806747143,0.0018009083501059947
id03359,0.8500874860595468,0.13806021076213235,0.011852303178316578
id16117,0.00137696527750091,0.0016133718950966023,0.9970096628274018
id17000,7.124159500592897e-05,0.999548183130958,0.00038057527403518703
id01730,0.025505781743700245,0.9669483231792831,0.007545895077021148
id00630,0.9338792912003503,0.06551359767197498,0.0006071111276758561
id18175,0.12610442505110978,0.0011338083717328644,0.8727617665771595
id00907,0.8644405734065317,0.05416311870643369,0.08139630788703257
id18251,0.0016338987742626208,0.9983397644905059,2.633673522639316e-05
id25861,0.4007752095985302,0.3582928264508775,0.24093196395059432
id00398,0.7174454166518565,0.24152955986200583,0.04102502348613788
id27573,0.9963228157244353,0.0032210159787480395,0.00045616829681561583
id10022,0.00016798738773363283,0.08021116782202366,0.9196208447902455
id15901,0.18063383120912538,0.0001859511761804402,0.8191802176146965
id00451,0.021177683214405676,0.07496597679369775,0.9038563399919014
id23129,0.10888496951652851,0.8901321940541481,0.0009828364293266595
id26498,0.5616477514913071,0.13976114471695117,0.29859110379174253
id14741,0.042690346043723425,0.8683934451118662,0.08891620884440361
id18453,0.12011341780537597,0.005485799122484098,0.8744007830721356
id08309,0.846465316918908,0.07459513938961829,0.07893954369146984
id00320,0.8308919976565279,0.16782511422194898,0.0012828881215191038
id07688,0.023032661922943815,0.0020590311104783897,0.9749083069665755
id01556,0.05450974980038697,0.004297675599531547,0.9411925746000811
id00178,0.0889093303160904,0.05686760607270575,0.8542230636112002
id18902,0.002618613026350288,0.2688168257061298,0.7285645612675212
id27002,0.6887693881595174,0.27492777282804126,0.03630283901243711
id21418,0.9461845588356053,0.04523017231729389,0.008585268847103845
id23018,0.3794218475205564,0.2900028755059259,0.3305752769735185
id07032,0.01734371995558693,0.009321779921416478,0.9733345001230012
id16195,0.5996446265084804,0.15969694292848094,0.24065843056303646
id11202,0.19337646198594283,0.7262914647755206,0.08033207323853404
id09578,0.9431880690283051,0.013233577364076841,0.043578353607615535
id26984,0.9200100626700422,0.01276075660697624,0.06722918072298152
id19856,0.398377598145531,0.5465877522435928,0.05503464961087628
id12086,0.8558216153245387,0.07818985493069479,0.06598852974476856
id12052,0.493915301565882,0.04304925176779492,0.4630354466663236
id17728,4.141268901253357e-07,3.113342203425946e-06,0.9999964725309008
id24608,0.06234586457883723,0.64210521821942,0.2955489172017413
id21097,0.012985735137229696,0.0543549285770272,0.9326593362857443
id20179,0.007384355018074644,0.11322070199907835,0.8793949429828474
id15144,0.6411559663523556,0.1280017700147851,0.23084226363285973
id00206,0.9916414340611269,6.316731055512696e-05,0.008295398628320698
id22285,0.15415639786472954,0.05093647048994334,0.7949071316453306
id06417,0.6527462436256329,0.15370254548482837,0.19355121088953878
id00215,0.0011055528451506921,0.9988927220148976,1.7251399540788525e-06
id04201,0.16122788532060875,0.17923745492115797,0.6595346597582356
id21771,0.934578475157067,0.05392306798765593,0.01149845685527412
id12451,0.15667363679441842,0.3401871764489495,0.5031391867566347
id14250,0.1326811579865912,0.8360397959179823,0.031279046095423146
id03433,0.27489242009300613,0.19881187191095276,0.5262957079960356
id03303,0.22472906014265226,0.002521416892326777,0.7727495229650203
id25901,0.09652710963678524,0.643704849596616,0.25976804076659366
id06945,0.8950061250560061,0.09720207616384284,0.007791798780144576
id05664,0.9548155280067431,0.0003665528008306103,0.0448179191924222
id05741,0.9996393814265704,6.739021761548901e-05,0.0002932283558277502
id10652,0.8193308354971025,0.07982087976384894,0.10084828473904787
id16300,0.987470037046376,0.005802961037870011,0.00672700191574745
id12319,0.8840518381820546,0.08091341278052498,0.03503474903742063
id07500,0.00025540310983400297,0.9997287106233925,1.5886266754606397e-05
id12478,0.4517396427725873,0.023804445341275023,0.5244559118861407
id03076,0.16500326433232043,8.42296098211268e-05,0.8349125060578579
id00969,0.2842044314078406,0.5543919815956131,0.16140358699654178
id23636,0.5085692095804784,0.3951330018433349,0.09629778857618568
id09791,0.09857777963281639,0.45364095893477724,0.44778126143240554
id05680,0.0009432489837244397,0.5666847508052584,0.43237200021102923
id03672,0.10938675870825759,0.23152361869996496,0.659089622591774
id04286,0.00046108342958005213,0.9896005416996541,0.009938374870763208
id23883,0.00286753095538934,0.9285030968491167,0.06862937219550086
id11914,0.4382687545350698,0.00018169782062051932,0.5615495476443149
id20974,0.00014976504389370285,0.9995743407425004,0.0002758942135920573
id26125,0.7843140719975571,0.02714953703130015,0.18853639097113822
id15543,0.45871761186782267,0.13520834620856242,0.40607404192361507
id19471,0.9693569408261622,0.0010265091420311775,0.02961655003181431
id11503,0.29726581592668755,0.6931576432305016,0.009576540842814334
id09321,0.11584598087941654,0.7682058902126939,0.11594812890788976
id25560,1.3595939274493431e-06,2.9990382134711037e-07,0.9999983405022457
id06726,0.23837435134637205,0.40850396427244007,0.3531216843811888
id05709,0.8968774365406301,0.0009816382593475304,0.10214092520001421
id09788,0.3017842479042467,0.4383297249279913,0.259886027167765
id05289,0.9762516095959536,0.023592321253350677,0.00015606915069042536
id11815,0.0015340591527302043,0.9984337192908138,3.2221556458165606e-05
id22422,0.38413607408571,0.06852602609121422,0.5473378998230782
id25954,0.2913741227501478,0.2923860638656218,0.41623981338422994
id13601,0.6358358836259153,0.14258322820290095,0.22158088817118726
id05677,0.031976246701433855,0.8096484518293229,0.15837530146924866
id10498,0.018755583046947667,0.9810188507088494,0.00022556624419786198
id02665,0.21523033268274447,0.780591543791335,0.004178123525916482
id10114,0.0025615386392409327,0.2941844673886272,0.7032539939721307
id26314,0.9647344349583087,0.019233095994994922,0.016032469046693015
id21240,0.05135149167037861,0.41121130197359346,0.5374372063560251
id15569,0.9983783237960084,0.0015121671916653704,0.00010950901231811635
id25928,0.2846445855431333,0.5116690918135867,0.20368632264327738
id22706,0.07784150721882899,0.8538635507813054,0.06829494199986233
id20877,6.434022442486611e-08,0.9999839947337947,1.5940925963389552e-05
id04318,0.9298957191676227,0.0021677040836311934,0.06793657674874574
id18299,0.6452797332555104,0.05576185700786887,0.29895840973661775
id08126,1.1035379491507634e-05,9.98244561489683e-09,0.9999889546380674
id14293,0.5429500321342999,0.010243737906902623,0.4468062299587972
id12759,0.8872002540704363,0.0009965290609976539,0.11180321686857056
id11983,0.055426045052414,0.36321832636483153,0.5813556285827594
id05580,0.06319109249465782,0.8656473361330226,0.07116157137232001
id25846,0.2411109133375366,0.6807764170981195,0.07811266956434659
id01939,0.8722613867788415,0.016598324274305628,0.11114028894685347
id26327,0.16944411859938882,0.5603097212732786,0.2702461601273308
id11068,0.012215250433773337,0.005255956944758566,0.9825287926214656
id08404,0.9002194368195721,0.08428889612918118,0.01549166705124588
id27189,0.9685658925933602,0.0071549716428269345,0.024279135763809547
id15119,0.038675215445615654,0.6859855757038785,0.27533920885051133
id26525,0.9883937493809041,0.0010506687050537186,0.010555581914047214
id03618,0.18333802566339827,0.7974547748021922,0.019207199534404733
id27220,0.9338888079873997,0.052931803104238784,0.013179388908356153
id18777,0.1472196838144328,0.0003632254563351279,0.8524170907292338
id20213,0.9568496726427853,0.009258630066412856,0.03389169729080089
id20403,0.6915058699827876,0.09473667308139008,0.21375745693581913
id03777,0.11487407323482718,0.054054417084358965,0.8310715096808152
id10595,0.8195313643013091,0.13402483902489504,0.04644379667378343
id13816,0.3975444413371606,0.10780911794471303,0.4946464407181242
id05667,0.008944198535981702,2.579264746770888e-06,0.9910532221992701
id24629,0.5950606123524996,0.08657210856985359,0.3183672790776418
id20398,0.06370699562852371,0.12265872438683192,0.8136342799846444
id14108,0.09549793291145209,0.003712058182906903,0.9007900089056418
id06196,0.00034047228625572965,0.9988026563546155,0.000856871359133601
id02800,0.04456118105984575,0.9411731283337453,0.014265690606403784
id18732,0.0005736846505926833,0.9948203747639925,0.0046059405854158115
id11915,0.0027665481652011607,0.9950527034182096,0.0021807484165884427
id09739,0.930889892083502,0.014235062757348317,0.054875045159152064
id24672,0.9832383133893021,0.007756800108875634,0.009004886501818818
id00414,7.786908137731455e-06,5.900158781360146e-06,0.999986312933089
id16307,0.7995811353010386,0.17825276888398106,0.02216609581497743
id14043,0.26185585502895115,0.009304161848586009,0.7288399831224632
id00517,1.30309764469654e-08,7.59577777742282e-13,0.9999999869682656
id09744,0.7584331135593461,0.24149307722677785,7.380921388320563e-05
id19257,0.9985680325429473,9.279533602886926e-05,0.0013391721210241412
id15437,0.9056192439151672,0.0889023340993858,0.005478421985449988
id16352,0.03678534496215696,0.04461457619334698,0.9186000788444938
id18849,0.4287349446989411,0.10448130663342901,0.4667837486676287
id19434,0.010921066827383318,0.989077038440239,1.8947323779262522e-06
id17928,0.6778562495068832,0.2128340407901169,0.10930970970300212
id16896,0.3965551145304723,0.0684551393138435,0.5349897461556858
id02135,0.0494474478582411,0.8005096210757158,0.15004293106604405
id15075,0.9827251243557373,0.01675487840272797,0.000519997241531272
id27486,0.0003361111983395364,0.9996620384316268,1.8503700280917803e-06
id19422,0.8546459238821632,0.14481225254364874,0.0005418235741839187
id09603,0.2703009100396409,0.6571630894223758,0.07253600053797885
id02133,0.6952970632010247,0.23844419770855999,0.06625873909041542
id03441,0.4835409685269651,0.0007397579946417018,0.5157192734783931
id02398,0.22605530624764641,0.7696932779592782,0.00425141579307574
id05152,0.11326350599710705,0.08637660530179442,0.8003598887011031
id17838,0.8383924262604133,0.08025673592342382,0.08135083781615927
id25060,0.3656484140614791,0.6324532857508383,0.001898300187684194
id09998,0.36835506281875746,0.06223103351901415,0.5694139036622253
id01828,0.004813596821674045,0.7283496907872287,0.2668367123910904
id25377,0.8248828230509544,0.13542011489790862,0.039697062051132555
id22175,0.3017231630276045,0.6971434218839536,0.0011334150884361864
id02974,0.6360999297621268,0.08878486424153205,0.27511520599633804
id26955,0.9903037774855006,0.009262922177394573,0.0004333003371037881
id21091,0.6883121820358934,0.019290925489219363,0.2923968924748843
id12802,0.9901583260062091,0.009670273334650247,0.00017140065913905144
id07432,0.00015008170744231758,0.9979751210788005,0.0018747972137545257
id18749,0.07698125187057868,0.8988961121232542,0.024122636006167535
id15030,0.00010208167289429907,0.0001274013491490357,0.9997705169779523
id17155,0.0015810205122548872,0.9766274403567865,0.021791539130943022
id08128,0.0013207786881445536,0.9658625098495962,0.03281671146226261
id25706,0.0022144677864133428,0.9127546698401702,0.085030862373412
id15645,0.9871020104613053,0.007981166013013184,0.00491682352568572
id04943,0.32138512389991647,0.6663175619837316,0.01229731411635301
id27566,0.05407786278581356,0.05266746877160581,0.8932546684425867
id11765,0.0612892954558744,0.8477031810792025,0.09100752346492684
id13783,0.45589598272410836,0.3046657089552791,0.23943830832061294
id00492,0.04390439591053072,0.0005566157973227342,0.9555389882921498
id27636,0.05215549695063728,0.19376952997406657,0.7540749730752909
id04273,0.18091675015323902,0.7355472037845946,0.08353604606216831
id02537,0.6751667513298921,0.016943747865081623,0.30788950080502503
id24349,0.965948097244025,0.032375801513381756,0.001676101242589059
id00023,0.00023493545441049607,0.9991711312547767,0.0005939332908146018
id23025,0.25497219324189246,0.7176689354625724,0.027358871295534836
id08722,0.4009595720955123,0.07802950193245044,0.5210109259720411
id02420,0.9938519978006292,0.006109209587399987,3.879261197330976e-05
id10811,0.8393204661922818,0.0019891320486325904,0.15869040175908608
id04019,0.031585260421554975,0.3338886299627094,0.6345261096157386
id18334,0.9801825631314862,0.013145536944761555,0.006671899923751525
id16781,0.9861752909014391,0.004416005820226722,0.009408703278333545
id08773,0.8673641522905695,0.11984803687343497,0.012787810835999572
id19214,0.760871729010749,0.18332215254755285,0.05580611844170566
id09589,0.09591367180603136,0.7445583612900039,0.15952796690396376
id24246,0.9914333980890512,0.008546404633675935,2.0197277268752384e-05
id23577,0.7345217751726523,0.2653833836790836,9.484114826421275e-05
id09305,0.862012922080614,0.006428040582275816,0.13155903733711022
id16460,0.6903751164227988,0.2413079018185625,0.06831698175863696
id21115,0.9759352326910957,0.008660725814908456,0.015404041493990838
id25996,0.6143099109060904,0.0093805166891197,0.37630957240478813
id02551,0.0014662534215561334,0.03660006270110766,0.9619336838773349
id19352,0.01102837370119371,3.6205816549510214e-05,0.9889354204822585
id03806,6.206209363869629e-06,9.939606644499015e-06,0.9999838541839926
id26544,0.7806761710859733,0.003072822649353736,0.21625100626467242
id18761,0.907301058387204,0.04127768199879416,0.05142125961400347
id24148,0.00010866842086361385,0.9922243422635993,0.007666989315538534
id16095,0.26885119046483946,0.47958376816324677,0.2515650413719148
id18442,0.31462202344433693,0.24765407820867077,0.43772389834699155
id22596,6.545816640143882e-11,2.42603459604919e-11,0.9999999999102744
id23002,0.21846514012489204,0.002896807324800528,0.7786380525503084
id04797,0.9915011880084651,0.0025581893522329045,0.005940622639303483
id06610,0.007872872851920055,0.002426755920425996,0.9897003712276576
id16173,0.8912319606989866,0.04910869743468252,0.05965934186632873
id18292,0.00017568740512345524,0.0074194298732272075,0.9924048827216447
id27328,0.9944227826171788,0.003406901557937367,0.002170315824884953
id01695,0.007302214088256344,0.9925439871315394,0.00015379878020995084
id05761,0.46297030808117506,0.022182325346111538,0.514847366572716
id16354,0.6860256643791627,0.04886974673284933,0.2651045888879896
id12207,0.00405998104884841,0.992571230860944,0.003368788090207378
id05665,0.2806328396693624,0.15977256183380337,0.5595945984968415
id01911,0.9106150494907332,0.056343348850426224,0.033041601658840736
id19153,0.3865899508020012,0.07804056125755501,0.5353694879404431
id10295,0.3832949421168778,0.2684552528653263,0.34824980501779756
id23038,0.48769271100802664,0.12506491667388683,0.3872423723180856
id23783,0.032061557017475525,0.8864667701790748,0.08147167280345256
id27879,0.9090200348460903,0.0858797474376918,0.005100217716215511
id19190,0.07982482159414592,0.9200111366712349,0.0001640417346145508
id05065,0.7303433078245137,0.08728092100966685,0.18237577116581768
id21296,0.1656567736994974,0.8170859455518492,0.017257280748654343
id13262,0.3277701052493135,0.09892000578865952,0.573309888962025
id10333,0.5938439261353359,0.3669939359561643,0.039162137908499206
id16677,0.34505719470990565,0.5432572287079792,0.11168557658211377
id01392,0.7949016330931326,0.02569533826443262,0.17940302864243354
id27874,0.9277235936557566,0.058099620302489254,0.01417678604175383
id02294,0.8668636991138217,0.07763092214049874,0.05550537874567912
id18298,0.24509218861052084,0.29245354512294075,0.46245426626653874
id06997,0.903139486455979,0.08790859267396006,0.008951920870057898
id05243,0.8387073240684249,0.0856257253085709,0.07566695062300505
id00860,0.003015635075456669,0.47393585531846155,0.5230485096060863
id26681,0.9895554266188082,0.009745403677892207,0.0006991697033021717
id06020,1.1907261372861593e-05,1.821567886470781e-08,0.9999880745229371
id27683,0.5692711155778588,0.3549017066016259,0.0758271778205136
id17655,0.0036604027602992317,0.9897156113993039,0.006623985840400513
id08817,0.21137941857878248,0.0030912799978200095,0.7855293014233953
id11512,0.0005033429996933719,0.33746086008230874,0.6620357969179973
id00478,0.7197366411709047,0.16647813242516035,0.11378522640393351
id02116,0.7896110096055307,0.19353328382657772,0.016855706567885972
id06746,0.7085588411647545,0.04612641910543706,0.24531473972980994
id03863,0.8223334732169446,0.09662997190548286,0.08103655487756967
id01802,0.10257283260464678,0.449918686286697,0.4475084811086568
id11682,0.5871963588045133,0.07810504083194456,0.3346986003635384
id04033,0.0002971673410906435,0.9969225905754658,0.0027802420834480653
id09286,0.02035783518163451,0.9575747881968927,0.022067376621468855
id12904,0.885471982533244,0.020638878596369026,0.09388913887038208
id07420,0.00012373655586778466,1.6746348884040552e-05,0.9998595170952506
id22398,0.007379613532853253,0.9920370221342089,0.0005833643329237924
id00424,0.05416231016684531,0.016265206324529945,0.9295724835086261
id20960,0.7019803066895738,0.29707227488907734,0.0009474184213545875
id10267,0.8921307827257646,0.03369134692076785,0.07417787035346277
id19330,0.3661789696585825,0.0002802009935144088,0.6335408293478985
id00994,0.48563407164375966,0.31071049898234143,0.2036554293738959
id10785,0.5108274010757502,0.39207004186599065,0.09710255705825652
id00955,0.4309532395344875,0.3904101762698003,0.17863658419570955
id09757,1.985489898543843e-05,0.9999779187621028,2.2263389158201015e-06
id10030,0.5859385163947348,0.1626357147328182,0.2514257688724489
id22952,0.07344863602385772,0.637092732911789,0.2894586310643577
id21955,3.870761496646974e-07,7.101972125467361e-05,0.9999285932025973
id07674,0.13862945684265435,0.7527521848349943,0.10861835832235604
id13760,0.571351687502806,0.33546737699589696,0.0931809355013009
id18166,0.9057986152857131,1.8862500353976713e-05,0.09418252221393715
id23498,0.026329295366659657,0.9699590718473283,0.003711632786021143
id05296,0.9897996006344705,0.0038158402435636836,0.006384559121964944
id26709,0.31149883348523416,0.5007880858002667,0.18771308071449613
id02853,0.6503928675034274,0.3457102001885656,0.003896932308008585
id06800,0.7211480719484056,0.13729841216887687,0.14155351588271717
id14758,0.0632088098769113,0.8457836742822545,0.09100751584083236
id12356,0.9556580574159145,0.04255841840549752,0.0017835241785922457
id21492,0.8515642218624399,0.06560273878847497,0.08283303934908243
id27540,0.11400123802285286,0.6880817134450804,0.1979170485320568
id07376,0.11875141786780294,0.0013701806058191597,0.8798784015263812
id15201,0.020827849370420034,0.9005569635486231,0.07861518708095643
id23388,0.0001451383316402287,0.9940083452546132,0.005846516413758849
id13923,0.07164164182045904,0.9282533928514104,0.0001049653281269668
id00794,8.664617683389407e-06,0.9391244741953074,0.06086686118700708
id23910,0.425620598117741,0.009160665861849422,0.5652187360204067
id02556,0.0692293553743857,0.4004974119089281,0.5302732327166869
id22151,0.0021928715667658117,0.9975983367015997,0.00020879173163129992
id11698,0.8037104207068424,0.12853675612172888,0.0677528231714287
id11627,0.6645685028436855,0.3027480056117699,0.03268349154454548
id06340,0.9877516406013196,0.002055390564107399,0.010192968834576068
id05123,0.9899901701909067,0.0018656570529665439,0.008144172756126122
id26620,0.0012061732274293684,1.8612212986530485e-05,0.9987752145595818
id04002,0.05884901290487986,0.2557654107280146,0.6853855763671035
id26554,0.00033546944442560214,0.9855261309296068,0.014138399625965038
id18012,0.0050498590806094,0.2562170722525867,0.7387330686668022
id12964,0.6072974880086683,0.16681204062667376,0.22589047136465523
id18965,0.004969150476548733,0.35147448565086076,0.6435563638725962
id19082,0.4424962129646249,0.0002957546642881131,0.5572080323710896
id26742,0.0462865340745835,0.0006923138823591665,0.9530211520430567
id15442,0.8283730059979201,0.13388996157265412,0.03773703242942796
id16647,0.8647297777377547,0.010613579652812852,0.12465664260943274
id11544,0.8366078080110704,0.04985205159301387,0.11354014039591381
id20581,0.7206063484955235,0.11147451007307718,0.16791914143139716
id13192,0.05488538287789763,0.9423163914155239,0.0027982257065697117
id15814,0.025488680312865497,0.19525655262119485,0.77925476706594
id26279,0.46922930021206144,0.5056677688605474,0.025102930927389012
id00240,0.820403402581779,0.0950907581818882,0.08450583923633413
id22836,0.9985611645184644,7.692289567363151e-05,0.0013619125858650672
id15085,0.004939116908937569,0.3847461114724749,0.6103147716185889
id17495,0.8470867486964657,0.1360263811795813,0.016886870123954408
id26762,0.8768357646868877,0.007015986037474308,0.11614824927563666
id13685,0.9997564048744825,6.613569352444087e-07,0.00024293376856711392
id16560,0.036993697225058284,0.9521070534819037,0.01089924929303663
id17184,0.0008100309792415082,0.9948567715587924,0.004333197461969144
id21635,0.9842758977132929,0.015118576469534949,0.0006055258171789796
id26751,0.011508863941875103,0.9812999610791192,0.007191174979009328
id12351,0.9808604600693471,0.005234458747458558,0.01390508118319283
id14872,0.8912834486027612,0.05267653530658657,0.05604001609065086
id18372,0.9592618346228458,0.03931214088952243,0.0014260244876364795
id26851,0.975177347221406,0.020860211392298215,0.0039624413862918125
id22659,0.007748532839964801,0.9922484769584472,2.9902015897185032e-06
id04102,9.577644923067097e-06,3.008438042842569e-09,0.9999904193466331
id02353,0.00044901548417157846,0.9984722715266177,0.0010787129892079856
id26721,0.5294716093487435,0.4609537001273956,0.009574690523863026
id11171,0.8208104964015989,0.021266561357942616,0.15792294224045708
id13562,0.8632952093457282,0.0728895529345577,0.0638152377197124
id26425,0.9640543212607905,0.000739945830707415,0.03520573290850057
id26394,0.6472761654280691,0.0022797570408835187,0.35044407753104917
id22187,0.8923359363557997,0.053307276821645454,0.05435678682255538
id00422,0.7685686051246841,0.22282100235863045,0.00861039251668485
id22667,6.308697730299923e-08,0.999999927919132,8.99390433193476e-09
id00911,0.8322535107206159,0.00974887753749185,0.1579976117418879
id17291,0.8644101883800025,9.222466474452458e-05,0.13549758695525252
id01915,0.02942022469745733,0.8280755786193548,0.1425041966831824
id01434,0.6412452004653004,0.06136395399037656,0.29739084554432305
id01584,0.9084576827428057,0.020967123109811,0.07057519414738667
id09266,0.5050094398737339,0.30584326764672615,0.1891472924795362
id17494,0.01006506811669275,0.984194892164464,0.005740039718845414
id24919,0.8804968504958836,0.07555796235534597,0.043945187148774184
id21043,0.39811585833495833,7.612896676760348e-08,0.6018840655360743
id17796,0.005465136545831759,0.9922817847984544,0.0022530786557146457
id02166,0.0032486448641462873,2.1883841753120295e-05,0.9967294712940977
id17503,0.9166369130843868,0.005770610265934941,0.07759247664967438
id21203,0.8024912913439046,0.11334795327439647,0.08416075538170228
id25626,0.9002815819639362,0.09497359488667934,0.004744823149395385
id09836,0.9973337115828425,1.840285568856458e-05,0.002647885561461265
id24202,0.6486835422667779,0.23093717179763001,0.12037928593559097
id27260,0.7736212846234509,0.0007157389804837903,0.2256629763960611
id23167,0.18027414655203622,0.009310452991864351,0.8104154004560972
id10393,0.0017888102513446194,0.9977496633923846,0.0004615263562698361
id01171,0.960705676736158,0.039280495024257164,1.3828239587101879e-05
id06380,0.9919206829887114,0.004384441693151214,0.0036948753181387183
id22686,0.11548090935953152,0.0228207946807654,0.8616982959596994
id26250,0.9375821591225262,0.009223163447048023,0.0531946774304269
id09315,0.06017837802862191,0.9125644780875758,0.027257143883802175
id00886,0.2652532958237665,0.7287083815396708,0.006038322636562522
id03101,0.6839729360098816,0.3127560996100562,0.003270964380056905
id12367,0.8986902117132349,0.014786834285666836,0.08652295400109637
id10770,0.9642658507723821,0.01931136631327974,0.01642278291433998
id14949,0.3904699120584503,0.5943116984634218,0.015218389478122497
id14141,0.001459586150619694,0.9985345354694488,5.87837992892736e-06
id25417,0.5537224594142699,0.4169124739258014,0.029365066659936045
id26873,0.7846431991414198,0.20019227474944787,0.015164526109137757
id10818,0.2907280474047545,0.02103909036487503,0.6882328622303682
id15146,0.9700525309290375,0.010918896706562318,0.019028572364399317
id23328,0.98613674012388,0.011023879832076283,0.0028393800440439645
id16765,0.4420979297537048,0.5398574767591081,0.018044593487183885
id24383,0.7012873318766119,0.0005534827971103855,0.2981591853262737
id21304,0.8607371701582817,0.11718033771656403,0.0220824921251575
id12551,0.13051394177570916,0.8644662215257338,0.005019836698556872
id23274,0.0972737431925299,0.7108703017856566,0.19185595502181443
id08117,0.9766105663503455,0.00933725498217004,0.01405217866747975
id23961,0.6464685482422533,0.055831944719417825,0.29769950703832737
id13865,0.2724323890783197,0.6284830221630664,0.09908458875860737
