id,EAP,HPL,MWS
id02310,0.0011882704999919837,0.00011412297865747085,0.9986976065213482
id24541,0.9999213324559214,7.84400574759573e-05,2.274865985170074e-07
id00134,0.0025370360419824426,0.9974610599993009,1.9039587263020908e-06
id27757,0.04031411547939079,0.9596857504301396,1.3409046085990552e-07
id04081,0.9943076794397925,0.0007198175271826469,0.004972503033022155
id27337,0.9335407968399134,0.066432615309291,2.6587850785683127e-05
id24265,0.9835435982954047,0.015588990137333182,0.0008674115672613063
id25917,0.00016342204384445913,0.0020004392792240776,0.9978361386769371
id04951,0.9998002124981332,0.00019978705878346206,4.43083648901949e-10
id14549,0.9970379223713837,0.00023512121568550963,0.002726956412933881
id22505,7.488395565927758e-05,0.03992812168387743,0.9599969943604476
id24002,2.5441280598331953e-09,0.9999999970227729,4.331010104849072e-10
id18982,0.16234386332499942,0.1178327570512664,0.7198233796237308
id15181,0.00018832417970751593,0.999811288233427,3.8758687288022e-07
id21888,0.9323715750518616,0.025796539145858912,0.04183188580227844
id12035,0.00014008132816244848,2.488462281867292e-06,0.9998574302095558
id17991,0.6803888018225772,0.002539930218801093,0.31707126795861773
id10707,0.9999999979454621,7.130083322086923e-11,1.9832471041794807e-09
id07101,0.3395801008144983,0.0028418258928195393,0.6575780732926849
id00345,0.7618383325606661,0.2353857147921507,0.0027759526471722485
id05912,0.995209624892985,0.0006043607251551399,0.004186014381852375
id13443,0.9988218917415919,0.00025903003216866714,0.0009190782262328589
id09248,0.6544666073518901,0.15681513602229033,0.18871825662582212
id17542,0.047491425500025976,0.951048972655706,0.0014596018442694953
id06995,0.0008668529347655068,2.335527279879805e-08,0.9991331237099679
id25159,0.9353739850131096,0.0009212409575784842,0.06370477402931127
id25729,0.9879226457982108,0.007989926371444417,0.004087427830338503
id26949,0.9932960398460635,0.005696311491266225,0.0010076486626704024
id27191,0.003970590645711444,1.7311499628778563e-05,0.9960120978546542
id07668,0.0016084473222649658,3.616244770823677e-08,0.9983915165152967
id02230,0.011223042460349058,0.017537631453831713,0.9712393260858281
id15553,0.9999995365452985,1.0075649597906221e-09,4.6244714617248856e-07
id25688,8.5874292911335e-06,0.9999877045295669,3.708041148086952e-06
id17545,0.9983506021612144,0.00014498403918421167,0.0015044137995985742
id13929,0.577301430344938,0.04494930052141558,0.3777492691336497
id12880,0.4515383039990648,0.4086133088684063,0.13984838713251463
id19282,0.9487761654444596,0.00447191250104296,0.04675192205449596
id14690,0.0019437888750676604,6.575272860564305e-06,0.9980496358520696
id17975,2.1017232950859346e-05,0.9999151656934967,6.381707356892771e-05
id08037,0.9530929935297526,1.067109874647088e-05,0.04689633537150256
id15412,0.45200497982742627,0.0001926705393595354,0.5478023496332158
id25032,0.7047585903642003,0.01992513390588777,0.2753162757299143
id27165,0.9999994703531353,3.136394082300846e-07,2.1600745872846043e-07
id03327,0.35721512096048136,0.6423359770739994,0.0004489019655263969
id18515,0.9935968778117651,0.00026579864569682243,0.006137323542538899
id21003,0.01575630134435451,0.0004146149355591402,0.9838290837200775
id23855,2.768242605221227e-05,0.9849321683907003,0.015040149183244719
id20724,0.9358592218504616,0.0336590104019236,0.03048176774761812
id13303,0.6463342066168659,0.008808292366830724,0.3448575010163146
id16521,3.272025049620135e-05,0.8890202016080848,0.11094707814141833
id20775,0.9999933531760147,6.5308843594665035e-06,1.1593962896191374e-07
id13029,0.9999687650251379,1.0961584008469799e-05,2.0273390842563487e-05
id14660,0.9795416760895905,0.018028286042364935,0.0024300378680394996
id11028,0.0003494125702444004,4.0888504746192143e-08,0.9996505465412493
id14180,0.9950342769644427,0.0035690192598323944,0.0013967037757270915
id25860,0.9999999447118937,5.527484693970303e-08,1.3276810803190735e-11
id11910,0.7312632979761435,9.700046226814084e-05,0.2686397015615877
id08065,0.22214738336558779,0.001365823365520896,0.7764867932688948
id22674,3.379856395789146e-07,2.4475198823976266e-08,0.9999996375391451
id25018,0.08193783081818179,7.334906965958252e-05,0.9179888201121571
id10892,2.958495106255682e-07,0.999999696427329,7.723157752598914e-09
id10217,0.0056518939679555515,0.9943478874067905,2.1862526175461327e-07
id12996,0.556573470792391,0.014184933059980422,0.4292415961476238
id18262,0.8629089776818527,0.0014508045196953508,0.13564021779844024
id08606,1.0772259441906551e-07,0.9999994294537695,4.6282364231209166e-07
id17233,0.9930966314744704,0.000276059690906086,0.006627308834626327
id00101,0.9790778297788709,0.015032244636226861,0.005889925584899791
id12225,0.986023453416465,0.010141905452893143,0.0038346411306429233
id01364,0.017784421668065133,0.9821384060026538,7.717232928571252e-05
id24973,0.992031698951518,0.00028244818293411325,0.007685852865553465
id25363,0.8186199458294537,1.2944716614720666e-06,0.18137875969885794
id10061,0.5320889672569542,0.003978905755245876,0.4639321269877989
id17673,0.21818420406750985,0.7778311427534469,0.003984653179044488
id13249,0.7095607488833344,0.004587721239640202,0.2858515298770251
id10107,6.954573577152004e-05,9.49054975841789e-07,0.9999295052092589
id04403,0.9997778944400202,1.2861113604525316e-05,0.00020924444637982433
id25728,0.9928562654613953,0.0006137765604239708,0.006529957978173945
id16184,0.588624798195502,0.020049736037770372,0.3913254657667292
id03438,6.443667304386294e-05,7.3193748047977894e-09,0.999935556007585
id22923,0.23506188741580258,0.7648908573173824,4.7255266814932535e-05
id08610,0.9999945403153642,8.876519832751056e-08,5.3709194519515975e-06
id25355,0.002974598819290514,0.00018169259082046477,0.9968437085898861
id16916,0.7343508797791295,0.2624727946302934,0.0031763255905821698
id12793,0.00028827425915606953,0.9997093382738129,2.3874670260454633e-06
id11859,0.9414937647974583,0.0026596303977356375,0.05584660480480518
id02434,0.9999999996087889,3.677044919248731e-10,2.350927540209776e-11
id27703,4.4890034437909934e-05,5.266350408326045e-07,0.9999545833305234
id25212,0.000566585334126604,0.999378140732608,5.527393328138069e-05
id11308,0.3559203589784495,0.0008908466404827954,0.6431887943810656
id26094,0.9743335970116682,0.02563474170494344,3.166128338939042e-05
id22080,0.9983277104286409,0.0015204969727765018,0.0001517925985858677
id03545,0.9994636643723741,0.0005348835495828333,1.4520780386738914e-06
id23725,2.043916851822485e-06,0.00016909018406570262,0.9998288658990825
id12009,0.9180297803891444,0.04766701446429648,0.03430320514656028
id24241,0.8629091625859201,0.03320042963452067,0.10389040777955309
id03596,8.409690524662481e-07,0.9999989709511481,1.8807980266035834e-07
id10749,0.4272774623024586,0.5601299857281254,0.01259255196941736
id22794,1.0574411355854238e-07,3.6102435798979073e-07,0.9999995332315306
id15482,0.8794457885924984,0.08455660438595387,0.03599760702154705
id04833,0.5747979185831666,0.40786723928219065,0.01733484213464719
id00397,2.973501151692721e-06,8.277015881139546e-13,0.9999970264980169
id14691,2.1241077941310245e-05,2.396257055633252e-05,0.9999547963515056
id05193,0.03936361377143982,2.9170070243868427e-05,0.9606072161583111
id19541,0.9977908535254548,0.00043673520002304077,0.001772411274516798
id22166,3.265024025545381e-09,9.938583339040319e-11,0.9999999966356004
id20744,0.0013244803713892903,1.525880079601357e-05,0.9986602608278137
id10392,2.8900471286124273e-13,6.03872032765974e-13,0.9999999999990937
id00770,0.9909736124958052,0.007311761009192136,0.0017146264950056718
id06018,0.23256172878378048,0.7669118720364803,0.0005263991797404049
id15678,0.0005367611767034587,1.626792308420963e-06,0.9994616120309846
id08305,0.8704438887612516,0.12485790973047116,0.004698201508274643
id08903,0.1801223050736232,0.0011377439201855177,0.8187399510061895
id14752,0.28592566593704716,0.712791548446739,0.0012827856162105128
id12468,0.00048217376120232976,0.9995142213928744,3.6048459156853216e-06
id05085,0.9402486843684725,0.058664121676590304,0.0010871939549344485
id21993,0.18877829092216233,4.5014083511164414e-05,0.8111766949943298
id15503,0.9888267256145722,0.004332685604136939,0.006840588781291987
id03021,1.952859165732164e-15,0.9999999999999606,2.4144642833517405e-14
id16123,0.9999999988032778,3.0990369335177367e-10,8.868048413829346e-10
id19383,0.9999995329295428,4.320294758307612e-07,3.5040982962544726e-08
id04186,0.9999995836253404,1.929164338474544e-08,3.970830084672972e-07
id17954,9.247410687763405e-10,7.325010827330405e-12,0.9999999990679334
id12030,0.6120800748337382,0.00010459194280267614,0.38781533322345935
id13020,0.8922299777806321,0.10764222585454111,0.0001277963648257085
id25327,4.2355624562396836e-07,0.9323070985786519,0.06769247786509679
id16344,0.43557927238678174,0.1311971106092498,0.4332236170039644
id12303,0.4357075987298953,0.5561798728955227,0.00811252837458454
id15017,0.9908705928426322,0.009129303663341571,1.0349403107652193e-07
id22308,0.8529962492708608,0.04698111692616079,0.1000226338029822
id06536,4.372883655060432e-08,1.7269602597947673e-05,0.9999826866685583
id19797,0.031461019552756,0.9618722726923896,0.006666707754852976
id06332,0.07634320662185974,0.9124244364623183,0.011232356915827307
id22941,0.13183711457450095,0.039626040135060735,0.82853684529044
id13547,0.0003374078099199404,0.0030835305526488825,0.9965790616374384
id06928,0.0001392467476394472,5.347609245814084e-08,0.9998606997762641
id12521,0.5848382551684582,0.4148177714266303,0.00034397340489782135
id25716,0.9578018440461219,0.0013534473439372487,0.040844708609942514
id27116,2.391609257962646e-08,3.2193809666490223e-13,0.9999999760835825
id19941,2.6518249567196562e-05,0.9999638350153265,9.646735099614962e-06
id05711,8.196449229939976e-08,2.631633067189743e-09,0.9999999154038648
id02097,3.2297770375704655e-08,0.00040920975754344687,0.99959075794469
id03563,4.760734961914076e-06,0.9999952305684476,8.696589137735167e-09
id02295,0.2809303137073317,0.704897246452948,0.014172439839713358
id08179,0.9999999864531192,1.3544558946126633e-08,2.266484355398579e-12
id05332,0.0018812727010054753,0.996334835572255,0.0017838917267475306
id15697,0.0038703633803677086,0.000966348334964704,0.9951632882846708
id17026,0.040918438686918884,0.00016520131267721647,0.9589163600004053
id04243,0.9999782695440078,1.2505327633137613e-05,9.225128344314377e-06
id13175,0.9999999999989756,1.0029859919991487e-14,1.0461705757741573e-12
id05387,0.9997706910037916,4.5244520432808674e-05,0.0001840644757669081
id19989,0.8686171322453001,0.09324736257282805,0.03813550518187109
id25173,0.005832782451306709,5.6049109217985965e-05,0.9941111684394803
id08925,0.033543839021040814,0.9664117160664177,4.4444912535671034e-05
id03034,0.000783724566905798,0.9963183947362059,0.002897880696884659
id13272,1.612077379556155e-06,0.999997256113411,1.1318092025139915e-06
id07956,0.8385479541169234,4.5249324975983644e-05,0.16140679655809115
id02648,0.002893279357958782,9.484828475132396e-05,0.997011872357288
id01778,0.006691271586955578,1.5598180766567875e-05,0.9932931302322805
id12846,9.669440541029521e-08,7.117132437150171e-12,0.999999903298485
id19001,0.1120158297729469,0.0013212647213531868,0.8866629055057008
id05763,0.9390737080574321,0.014052351766140038,0.046873940176424815
id15590,1.9609164298702606e-06,1.4870082882701961e-08,0.9999980242134872
id04912,0.9643878925780964,0.009864613977045796,0.02574749344485115
id21201,0.9915346666434807,0.008058763425338797,0.00040656993116911156
id13215,0.9999084204141464,4.093848199925057e-07,9.117020103087104e-05
id15612,0.12538081854947694,0.8742001432216046,0.00041903822891851814
id18501,0.022257356534973974,0.005906969310923341,0.9718356741540933
id07223,0.8579837592961626,0.09815336659554383,0.043862874108296465
id06707,0.3500632988594887,0.5579724170903236,0.09196428405018883
id05238,4.362057928423919e-11,0.9999999999420808,1.4313219710229125e-11
id00935,4.2468142160179286e-05,0.0006306604009044724,0.9993268714569387
id00110,0.01682961011860636,0.0004602377646823995,0.9827101521167116
id17476,0.9971003351964535,0.0019319376091717086,0.0009677271943788851
id15170,0.9999876945484679,1.2248203033437309e-05,5.724849938878872e-08
id13397,0.12331392134145759,0.0069113485955459774,0.8697747300629953
id24283,0.33508737463649535,0.5436010092908201,0.12131161607268129
id15234,0.9996270109517801,0.0003683059609640632,4.683087260279099e-06
id16884,0.72000326864362,0.26243868996348463,0.017558041392893506
id07831,0.9090897629688899,0.021598259278181424,0.06931197775292536
id16038,0.9897747099530398,0.009792746428325564,0.0004325436186296331
id03629,0.9818489110678168,0.014737956696760006,0.003413132235416103
id21019,0.9977590751536767,0.0005597785793540601,0.0016811462669650858
id21835,0.4379300798604856,0.19533446660141576,0.36673545353810305
id04480,4.4913663469274795e-06,0.9999954950267682,1.3606883151245118e-08
id20838,0.9801760330024799,0.011116333895933831,0.008707633101571693
id24195,0.6656163578943484,0.11714859557058156,0.21723504653506812
id05448,0.8124086984672956,0.18729048349417896,0.00030081803852622025
id15957,0.03362503722589591,0.9661197596054233,0.00025520316867588995
id19956,5.298632406013257e-05,1.489538907009247e-08,0.9999469987805538
id15104,0.0002858508860498814,0.00045654500696772917,0.9992576041069847
id17559,0.8915944339364614,0.08898709794525383,0.01941846811827781
id16839,0.13780782610088685,0.02276650035628417,0.8394256735428267
id14493,0.40369394889813764,0.0008137829720808757,0.595492268129787
id08833,0.8698940920418111,0.00037283042243776,0.12973307753575175
id15723,0.11633965444842581,0.00011569249978392016,0.8835446530517954
id02716,0.9999469023503619,5.400078235924713e-08,5.304364885662943e-05
id06689,0.00023754163055496417,0.9997372968205489,2.51615488886867e-05
id18837,0.046904733550440766,3.883110138072176e-05,0.9530564353481802
id04466,0.9975248013092362,0.002098707603997314,0.00037649108676704706
id00686,0.9997995551403817,3.976091523948029e-05,0.0001606839443673625
id09010,0.12122675482951999,0.8786720302615912,0.00010121490888844995
id23353,0.9986351968041729,0.0004902188845825572,0.0008745843112504053
id00066,0.9589735206267954,0.035846446585040506,0.005180032788163716
id15724,0.017150209165340522,0.9786327756887945,0.004217015145873387
id23486,0.06643419662370192,0.004180266272515667,0.9293855371037866
id22258,0.0015209324225435032,0.0002742416644036812,0.9982048259130517
id02292,0.9806315789592789,0.004254567387570178,0.015113853653155962
id16356,0.046046661561659055,0.0006780277359324016,0.9532753107024136
id00235,0.9994483879437072,1.8661293316914853e-06,0.0005497459269767232
id25522,0.004479727647068987,1.4890856363129521e-05,0.9955053814965714
id04204,0.05497268458614334,0.9443492101157144,0.00067810529814463
id22016,0.970256868368829,0.004348582308249301,0.02539454932292449
id06480,3.15018744114991e-06,0.9999848291739334,1.2020638612533113e-05
id08718,0.03703406625510014,8.805102345422739e-07,0.9629650532346631
id05251,5.863474764493398e-07,0.9999993651755481,4.8476976795451635e-08
id03359,0.9760192453402052,0.023055853747859092,0.0009249009119348556
id16117,9.920113643296989e-05,4.6315372016739267e-07,0.9999003357098489
id17000,2.3700207839615076e-06,0.9999975895574214,4.042178212029685e-08
id01730,0.0001516792530517367,0.999845292288421,3.0284585280429503e-06
id00630,0.9798947705943595,0.019264610230939692,0.000840619174699567
id18175,0.01278336452574282,3.6758454079180254e-06,0.9872129596288518
id00907,0.9991030074518301,0.00036317870940447,0.0005338138387585703
id18251,7.393520755354906e-06,0.9999926023492859,4.129954441094394e-09
id25861,0.9593368853089868,0.01726141244387013,0.02340170224713692
id00398,0.9199350709332376,0.03373942000488248,0.04632550906187722
id27573,0.9999994081019067,4.853908919256618e-09,5.870441911390352e-07
id10022,4.309193793139647e-09,0.9982570115633365,0.0017429841274671893
id15901,3.898139028413179e-05,1.641441883349681e-09,0.9999610169682678
id00451,0.0024482827856608085,0.0017063376867761586,0.9958453795275565
id23129,0.004187209357808086,0.99577765164296,3.513899924531347e-05
id26498,0.6925804661790772,0.30249326169223223,0.0049262721287035545
id14741,0.21267509137872062,0.6825002999729132,0.10482460864836689
id18453,0.1887531877395382,0.0009393237878962185,0.8103074884725597
id08309,0.9945639209523943,0.003649272700562788,0.0017868063470377344
id00320,0.9999999836494725,7.297477177602052e-09,9.053046350609997e-09
id07688,0.06366641700670836,0.0011713216358416535,0.9351622613574462
id01556,0.0004432136167245627,1.4942003055028853e-06,0.9995552921829636
id00178,0.31962536814616155,0.00044606693524696864,0.6799285649185925
id18902,0.0006896965324057119,0.009520689620326218,0.989789613847272
id27002,0.9811384317217346,0.01489599264831878,0.003965575629942679
id21418,0.9999996525792344,3.4660096975533063e-07,8.197959349030985e-10
id23018,0.6816223757445895,0.025481069797174422,0.2928965544582333
id07032,0.03647775871516452,0.007533405771081262,0.9559888355137599
id16195,0.6214932118247904,0.0009343757808412588,0.3775724123943721
id11202,0.010030819048444337,0.9890948448295679,0.0008743361219965141
id09578,0.9729171157238997,0.003334951439079383,0.023747932837018107
id26984,0.9652317042927989,0.00010661366142005598,0.0346616820457843
id19856,2.1382626671652396e-05,0.9999764243496155,2.193023725777256e-06
id12086,0.8704870796189069,0.003930596070807957,0.12558232431028635
id12052,0.07065587057893623,0.0027511308924306776,0.9265929985286375
id17728,1.7153291293454691e-09,2.988461726288826e-08,0.9999999684000416
id24608,0.8660498845409691,0.015825579759635593,0.11812453569939664
id21097,0.0031549123555619767,0.0002596094770975198,0.9965854781673356
id20179,1.0623065388376222e-11,8.898712868195281e-13,0.9999999999884752
id15144,0.8957011610223385,0.055940963622779866,0.04835787535488195
id00206,0.9998127924352658,1.2553551685378187e-05,0.0001746540130502594
id22285,0.004542087438283085,0.0001553870350077495,0.9953025255267066
id06417,0.09468201188216113,0.6468056869610302,0.2585123011568028
id00215,0.0004019185365430402,0.9995979464857847,1.349776681648549e-07
id04201,0.11571888316160231,0.020468523968558028,0.8638125928698438
id21771,0.9996424670938523,0.00014920924211079845,0.00020832366403873768
id12451,0.000725960726832313,0.6206496444116057,0.37862439486156446
id14250,0.003737198207872436,0.9510614110608187,0.0452013907313021
id03433,0.0012833728491162557,0.9981209173747385,0.0005957097761571342
id03303,0.0166519381382345,2.342199422634998e-05,0.9833246398675406
id25901,0.27383647046072823,0.46073161111060684,0.26543191842866787
id06945,0.9972638964658098,0.0023418822375379745,0.00039422129665594345
id05664,0.946802897866793,0.0003290314020097549,0.05286807073120113
id05741,0.9999989321968815,5.402717164466277e-10,1.0672628695910418e-06
id10652,0.9789688953354899,0.011378620291416513,0.009652484373090879
id16300,0.9998626331675196,7.388564471800326e-05,6.34811877505927e-05
id12319,0.6409437875674455,0.12319226259100793,0.23586394984154718
id07500,9.283644323549524e-07,0.9999990716316616,3.8993001181302996e-12
id12478,0.6149269528548273,0.007916406744936001,0.3771566404002368
id03076,0.0014793004996636852,1.0169076802406624e-07,0.9985205978095649
id00969,0.15200513549326994,0.8448587790438448,0.0031360854628848856
id23636,0.017250625846323545,0.9788915824032847,0.003857791750394966
id09791,0.028679473541274245,0.013452341845912695,0.9578681846128164
id05680,0.0006459143687520706,0.9327389001219726,0.06661518550927341
id03672,0.0012192091572830403,0.4313940893311346,0.5673867015115883
id04286,2.17969000997478e-05,0.9996229178303149,0.0003552852695852967
id23883,2.868480702485962e-06,0.7022068632329238,0.29779026828638544
id11914,0.755512686739352,4.8581536705241056e-05,0.2444387317239433
id20974,1.9542026581882746e-05,0.9999756231949215,4.834778510134528e-06
id26125,0.00012207225361166978,1.8251024555108935e-07,0.9998777452361434
id15543,0.15763337657928878,0.00011525785049918089,0.8422513655702192
id19471,0.9999998738359667,4.919547742458204e-09,1.212444870609825e-07
id11503,0.9239015797967787,0.07174959257991077,0.004348827623303625
id09321,0.0019815445629347735,0.9857781274674503,0.012240327969610382
id25560,1.2019695097177393e-11,2.506592693098437e-10,0.9999999997373145
id06726,0.05389420285832183,0.10361151613085534,0.8424942810108206
id05709,0.9948854734446516,1.3332972791420048e-06,0.005113193258068978
id09788,0.1391271148295962,0.7263487098167539,0.13452417535365313
id05289,0.9999997574082528,2.425604278165713e-07,3.1329871888077604e-11
id11815,0.00038326120874743793,0.9996148861356786,1.8526555806985185e-06
id22422,0.8270662890439496,0.021013705703826324,0.15192000525222468
id25954,0.9922040232176521,0.0006331406246987396,0.00716283615764226
id13601,0.7987710955111076,0.08591162166938479,0.11531728281951308
id05677,0.8580201749915358,0.0006191631892313709,0.1413606618192168
id10498,1.1011046152080821e-05,0.9999889666463699,2.230748240405838e-08
id02665,0.25497890492652925,0.7393235050933713,0.00569758998009516
id10114,5.194320557091017e-05,0.9156050725370791,0.08434298425735029
id26314,0.9900461296501883,0.0070571681380633975,0.0028967022117386207
id21240,0.1587291469029659,0.4747431022824048,0.36652775081463
id15569,0.9998991139966895,0.0001002654018399222,6.206014573660509e-07
id25928,0.21470542217991362,0.06739011938751548,0.7179044584325696
id22706,0.02599518083178597,0.9739820398005377,2.277936768152936e-05
id20877,1.2742971457289734e-09,0.9999830602881004,1.693843760488923e-05
id04318,0.9934769562240985,7.410500643486043e-05,0.00644893876946176
id18299,0.605322549845018,0.328075784200654,0.06660166595432974
id08126,2.614648192548599e-06,5.482424622961102e-11,0.9999973852969847
id14293,0.7277018250722447,1.533827495468922e-05,0.27228283665280395
id12759,0.9999859818432836,2.550434880610106e-07,1.3763113216375043e-05
id11983,0.8711069012233842,0.10742255188293279,0.021470546893690677
id05580,0.03119878446154633,0.953314061239805,0.015487154298660375
id25846,0.6616645359631149,0.2497246455433248,0.08861081849356277
id01939,0.6588170738810615,0.00429421194502211,0.33688871417392197
id26327,0.2657498875622337,0.46762695601990684,0.26662315641786294
id11068,1.913042295936134e-05,9.791319017019568e-07,0.9999798904451394
id08404,0.9993785829767642,4.725728349705863e-06,0.0006166912948693832
id27189,0.9935077038318749,0.006053581645591526,0.00043871452254052104
id15119,5.898069152319632e-05,0.9988049517639029,0.0011360675445753511
id26525,0.9998179277636646,7.94885371883928e-07,0.00018127735096503314
id03618,0.8098325622732206,0.1856965314183525,0.004470906308430902
id27220,0.9999521414184154,4.728745189486508e-05,5.711296888982147e-07
id18777,0.1279299236443369,2.896107349906445e-05,0.8720411152821665
id20213,0.9940435157788319,0.001097521873979876,0.0048589623471883316
id20403,0.9482695287871047,0.0514731501188067,0.00025732109409677754
id03777,0.005121130820891806,3.653375425514038e-05,0.9948423354248519
id10595,0.003369933036236212,0.9965907166702851,3.935029349083325e-05
id13816,0.19947330359586932,8.82918371705042e-05,0.8004384045669641
id05667,7.53737138729249e-06,7.806287679882578e-08,0.9999923845657454
id24629,0.7586159944080285,0.026963327963657604,0.21442067762831224
id20398,0.027473161362515167,0.006218473257143367,0.9663083653803386
id14108,1.5648630380203652e-07,2.4907699948990558e-08,0.9999998186060032
id06196,1.723688800302548e-08,0.9999999696328352,1.3130280084285902e-08
id02800,0.2633983618839811,0.7190992484156957,0.01750238970031381
id18732,9.348237409521477e-07,0.9999931241051266,5.941071136836145e-06
id11915,5.1372888236813015e-05,0.9993704967661207,0.0005781303456434761
id09739,0.9883387530296314,0.0004254231140595374,0.011235823856315325
id24672,0.9999292452102857,7.064352628617125e-05,1.1126342649782937e-07
id00414,1.2127830641064945e-09,2.4128300484724464e-07,0.9999997575041939
id16307,0.993466952167232,0.004080132763129661,0.002452915069636403
id14043,0.4515432962477629,0.004984813343187264,0.5434718904090489
id00517,5.721305884815674e-16,4.8705526432115793e-20,1.0
id09744,0.9999499742639191,5.002519495685726e-05,5.411281943342962e-10
id19257,0.9999764081192689,1.1827498663172894e-06,2.240913087024665e-05
id15437,0.8945091967743566,0.10457581079695312,0.0009149924286846163
id16352,0.02901801125717114,0.004021633269749476,0.9669603554730787
id18849,0.805544542599586,0.048280296083799724,0.1461751613166196
id19434,1.7359988761138016e-11,0.9999999999825454,8.931974437081559e-14
id17928,0.08870009973550859,0.00275876055745879,0.9085411397070262
id16896,0.05593966879317647,2.7732817296730342e-05,0.9440325983895226
id02135,0.02031629347971275,0.6114106244642894,0.3682730820559976
id15075,0.993677898956316,0.005213549075957739,0.0011085519677305625
id27486,8.442264656701154e-09,0.9999999915500335,7.698320194582264e-12
id19422,0.9710399406827162,0.028478788898763402,0.0004812704185133209
id09603,0.02304569945553438,0.9681836687163979,0.00877063182806109
id02133,0.32443417931295426,0.6669970022547234,0.008568818432319821
id03441,0.344808628819758,0.00023187030886812838,0.6549595008713652
id02398,5.402162208781001e-07,0.9999994590452927,7.384910006067447e-10
id05152,0.363763026798426,0.0011912817941927979,0.6350456914073778
id17838,0.7879859599330666,0.005883809438539628,0.20613023062839433
id25060,0.9999870229966601,1.0847903136227994e-05,2.129100214765133e-06
id09998,0.0028147282577118894,0.00014268018992663592,0.9970425915523523
id01828,0.00015132334453182858,0.9959676422939701,0.003881034361496908
id25377,0.5240577765874811,0.007286765293242369,0.4686554581192782
id22175,0.009774028562694319,0.9901412029739011,8.476846341561912e-05
id02974,0.00990489410145502,4.111978807273594e-05,0.9900539861104758
id26955,0.999992884443377,6.7443003382631114e-06,3.7125627625337746e-07
id21091,0.9903236294073767,0.00219725061088257,0.007479119981740511
id12802,0.9995668828949473,0.00040991097530333905,2.3206129759430347e-05
id07432,3.079725479085793e-13,0.9999999999989756,7.003642549461726e-13
id18749,0.0335251594750231,0.7434443712835159,0.22303046924145706
id15030,4.700555782916669e-07,6.708802536336321e-08,0.9999994628563976
id17155,1.2917709172716817e-06,0.9999986338969529,7.433212126021987e-08
id08128,1.6038069145020134e-06,0.9996465153468741,0.0003518808462120607
id25706,4.625895869778763e-08,0.999899110116018,0.00010084362501702943
id15645,0.9973809414560489,0.002376408010902101,0.00024265053305649664
id04943,0.9916404676807543,0.0048405990155720455,0.003518933303685093
id27566,8.503987109975103e-06,5.154923991874917e-06,0.9999863410888903
id11765,0.009779840007996837,0.12428055452839987,0.8659396054636116
id13783,0.33906590134806075,0.3945587529213166,0.2663753457306199
id00492,4.581200875062182e-06,4.248877932310689e-07,0.9999949939113207
id27636,0.000777617065392273,0.0003679047314185492,0.9988544782031942
id04273,0.8810802835494812,0.1049336554789799,0.013986060971534814
id02537,0.5628396397942678,0.01380249942603439,0.4233578607796982
id24349,0.952274008677711,0.047705825535837056,2.016578644480023e-05
id00023,1.1751429475785534e-07,0.999988303905941,1.157857974811553e-05
id23025,0.007891624600288614,0.992074960305763,3.341509394417801e-05
id08722,0.9783039044369173,0.0010284398845835574,0.02066765567849849
id02420,0.9999999085819422,9.109678795626256e-08,3.2126551695866287e-10
id10811,0.9997959038510151,2.6492593737598383e-05,0.000177603555260435
id04019,2.9115166225601877e-06,1.889268977198596e-05,0.9999781957935946
id18334,0.9999457664131488,5.281167345852894e-05,1.4219133907884502e-06
id16781,0.9904534154453125,0.005922213667383295,0.003624370887302853
id08773,0.38418318910841254,0.6158137130400888,3.097851493626647e-06
id19214,0.9347516183107043,0.053974116206031875,0.011274265483263667
id09589,0.0002567702765772237,0.9978153469240572,0.0019278827993666502
id24246,0.9989028924557197,0.0010930140520899081,4.093492186179165e-06
id23577,0.9354847596086467,0.06451121093616724,4.029455176466757e-06
id09305,0.9933509886132108,0.0002581850990636193,0.006390826287721425
id16460,0.9281344247445656,0.0072543084629175855,0.0646112667925234
id21115,0.9782256659076617,0.0026533255698482374,0.019121008522485775
id25996,0.6531988392630292,0.023899093017712945,0.32290206771925484
id02551,0.00010963508825676853,0.0007606161567412973,0.9991297487550004
id19352,2.7216295608355967e-06,3.40045975031416e-11,0.9999972783364375
id03806,0.0005064690704594072,2.0286117050175984e-05,0.9994732448124902
id26544,0.9373306403501039,0.00047465708149808776,0.062194702568395224
id18761,0.9973148898205695,0.0006357473228518584,0.002049362856579018
id24148,9.395788211295719e-05,0.9998421779395426,6.386417833638113e-05
id16095,0.0906342448727183,0.8694915122364834,0.039874242890805156
id18442,0.9763217805588048,0.005147934265725238,0.01853028517546933
id22596,5.536621816038101e-13,2.0156647422888563e-15,0.9999999999994484
id23002,0.022961878010032022,0.00039782481739563145,0.9766402971725686
id04797,0.9999912823771449,7.5353697634579835e-06,1.1822530873376304e-06
id06610,0.0010064406687802735,1.1183343324537854e-05,0.998982375987887
id16173,0.9442639823873242,0.021788816845305314,0.03394720076737097
id18292,6.824260198996413e-05,3.165737346852059e-05,0.999900100024547
id27328,0.9991938571981317,2.2009582056943705e-05,0.0007841332198094811
id01695,0.0019268716772850411,0.9980674436292376,5.684693477425101e-06
id05761,0.9088297159102171,5.735927893373212e-06,0.09116454816188813
id16354,0.9908953603697254,0.0001464909254131382,0.008958148704862572
id12207,0.001037224492830612,0.9787903303078043,0.02017244519936524
id05665,4.902838067667295e-05,4.701753959423573e-07,0.9999505014439244
id01911,0.9978833279061715,0.002078395804498716,3.827628932930521e-05
id19153,0.0010579983561963516,5.98472419161814e-05,0.9988821544018842
id10295,0.15486744454718088,0.8441525752471448,0.0009799802056810942
id23038,0.8350944781495053,0.07335435080032401,0.09155117105017879
id23783,0.04497875251737573,0.954923851626268,9.739585634861248e-05
id27879,0.9359308779534453,0.062493090087142024,0.001576031959421833
id19190,0.00631533843690066,0.9936844187636864,2.4279941183831974e-07
id05065,0.9998333514485805,0.00011986032977437633,4.6788221641047875e-05
id21296,0.01689244809692575,0.9710273645993469,0.012080187303718374
id13262,0.1636108785619816,0.11863927989437671,0.7177498415436432
id10333,0.9997133913220857,0.00018112069510820087,0.00010548798282248688
id16677,4.2473671464903446e-07,0.9867623243795396,0.013237250883736472
id01392,0.7166068806743235,0.0005538127241332047,0.28283930660153916
id27874,0.9771608586211328,0.014950491267006746,0.007888650111858844
id02294,0.042142587855593425,0.9554220065809286,0.0024354055634778576
id18298,0.0012320804269170666,0.03185364524550078,0.9669142743275855
id06997,0.9998143051532569,4.843075188847584e-05,0.00013726409485048096
id05243,0.5760572286936665,0.10074893181464094,0.32319383949169117
id00860,8.063597513172804e-06,0.9972362449939789,0.002755691408515165
id26681,0.9999995178108704,4.4885319974036144e-07,3.333592533049355e-08
id06020,1.3699708094231371e-11,3.445238907039126e-18,0.9999999999862885
id27683,0.5444824661455293,0.36858459010000977,0.08693294375446772
id17655,3.1908730262496425e-10,0.999999999679277,1.6110838177493098e-12
id08817,0.002580069538510849,7.409341266074615e-05,0.9973458370488303
id11512,2.477264309491037e-07,2.011413136936744e-05,0.9999796381421977
id00478,0.17485364437040055,0.0026641284887207847,0.8224822271408803
id02116,0.991855629295776,0.007780627553804995,0.00036374315041557385
id06746,0.9981185943840349,0.0006293088392562375,0.001252096776704931
id03863,0.9217070875270387,0.06918436419399993,0.009108548278963758
id01802,0.0005713394321768436,0.9993406224979188,8.803806992127636e-05
id11682,0.7337865278863166,0.00010396549277244278,0.26610950662091404
id04033,1.5653439892368043e-05,0.9999190347015359,6.531185856710576e-05
id09286,0.0219733894532061,0.9202452486013434,0.05778136194543891
id12904,0.9999999701623236,2.951349509721527e-08,3.2416907735605615e-10
id07420,9.858803675999033e-09,2.43411975377162e-09,0.9999999877070711
id22398,2.8577208806276265e-12,0.9999999999658198,3.131340238416361e-11
id00424,0.001461247801459981,5.4059812494419216e-05,0.9984846923860502
id20960,0.9992912620543652,0.0007057653715496608,2.972574082930931e-06
id10267,0.9577486399061635,0.010806756644552497,0.03144460344927992
id19330,0.22310717288516846,2.5875376240886686e-06,0.7768902395772002
id00994,0.00028527614454117525,0.9996586033362375,5.612051923288252e-05
id10785,0.9240241223586422,0.012622494558939523,0.06335338308241728
id00955,0.029751408202033057,0.9612376876004534,0.009010904197510026
id09757,7.838956728884477e-08,0.9999999207817463,8.286859636865328e-10
id10030,0.18043240806731567,0.009193631304587994,0.8103739606280942
id22952,0.02814069013888198,0.03582167051349231,0.9360376393476239
id21955,5.371814785699101e-09,1.4992225881762898e-06,0.9999984954055874
id07674,0.9310065777710725,0.0005834071989824301,0.06841001502994289
id13760,0.002556867950473708,0.9974381423747526,4.9896747816758795e-06
id18166,0.997288953234236,1.6957235702813845e-05,0.0026940895300636455
id23498,0.2925944238579173,0.7073380171460332,6.755899605421143e-05
id05296,0.9992955278151378,1.291739331535285e-05,0.0006915547915492619
id26709,0.956444615534293,0.03847693513675318,0.005078449328963972
id02853,0.9980157417053751,0.0019650152679841094,1.9243026642885752e-05
id06800,0.6805281178905288,0.03714776729689963,0.28232411481257225
id14758,0.142693977392797,0.21290990593073458,0.6443961166764672
id12356,0.9988507141791502,0.0011328565632504313,1.6429257585933172e-05
id21492,0.9912529620621905,0.004566954751083012,0.004180083186728242
id27540,0.34321938237910443,1.2692041907131555e-07,0.6567804907004738
id07376,0.13859902730733362,0.10743823622133938,0.7539627364713363
id15201,0.09981213145024095,0.8998857251063312,0.00030214344343900703
id23388,1.699305907777581e-06,0.9997315475087439,0.00026675318533953723
id13923,0.0008345601505442266,0.9991652946850683,1.4516439465292782e-07
id00794,1.554447660674953e-06,0.9999935062155166,4.939336811993032e-06
id23910,0.17190762316296956,0.04015423206134709,0.7879381447756942
id02556,0.018371866135460067,0.04681741414372693,0.9348107197208099
id22151,5.188677972526959e-08,0.9999999457966583,2.3165581233174025e-09
id11698,0.0032649141886558334,0.995760875519467,0.0009742102918729858
id11627,0.9418855992444274,0.011083103328325305,0.047031297427249714
id06340,0.9999999176305449,5.476827623743571e-08,2.7601178985139198e-08
id05123,0.9968965172278297,0.001216497630132212,0.0018869851420401642
id26620,0.00035262584378285334,4.093502552299637e-06,0.9996432806536636
id04002,0.00040363501794824007,0.026130681554623985,0.9734656834274235
id26554,0.49122063753287093,0.37637878137810865,0.13240058108902442
id18012,0.0002454682098988037,0.022566816687610534,0.977187715102491
id12964,0.20207329321323253,0.0029573277065090007,0.7949693790802554
id18965,0.0024978134643400852,0.7689857429969006,0.22851644353875541
id19082,0.05328671099273092,1.4574667249577627e-05,0.9466987143400117
id26742,1.0488572312774004e-05,6.9863857538472636e-09,0.9999895044412974
id15442,0.10984067848852137,0.8898409453446778,0.0003183761668031998
id16647,0.8571726568561577,0.003106394682197211,0.1397209484616413
id11544,0.25264138501991534,0.062119994543196395,0.685238620436887
id20581,0.7077598203602382,0.011163775342362925,0.28107640429740693
id13192,0.07127353122919267,0.9163459348387306,0.012380533932081541
id15814,0.04074247548964358,0.005519999973001801,0.9537375245373504
id26279,0.014780741214467654,0.9851884161239481,3.0842661587079276e-05
id00240,0.9982402964559121,0.001071402781056443,0.0006883007630324659
id22836,0.9999999354816724,4.7563778688112146e-08,1.695454027705941e-08
id15085,6.855715485518167e-07,0.9980692902527553,0.0019300241756851045
id17495,0.9641432167291715,0.00019820687744934176,0.03565857639338358
id26762,0.9730438354150336,0.020042659701242548,0.006913504883719872
id13685,0.9999916162331053,3.1329821356754926e-10,8.383453596989807e-06
id16560,1.015196089791063e-05,0.9999882381743829,1.6098647205747086e-06
id17184,1.812975395853718e-09,0.9999998368752705,1.6131175474834444e-07
id21635,0.9999987968974327,1.04800718667133e-06,1.5509537945354744e-07
id26751,0.01185144398176274,0.9771882365930654,0.01096031942517189
id12351,0.9994746039537622,0.00022205480911717236,0.00030334123711627084
id14872,0.9563118799231165,0.015284110498834871,0.02840400957805141
id18372,0.9978800053497134,0.002069098193836003,5.089645645364487e-05
id26851,0.9847226089859127,0.010121330612364572,0.005156060401722807
id22659,0.0044908751197076996,0.9955091207124206,4.167862659435551e-09
id04102,1.6464563928455172e-06,7.075625657900863e-11,0.9999983534728578
id02353,3.9264941143684065e-05,0.999939300958582,2.1434100289468328e-05
id26721,0.9996067636798743,0.0003930456055330574,1.9071458602920867e-07
id11171,0.9777329009382125,0.0003778507138996552,0.021889248347890012
id13562,0.7048608878053932,0.21115879121466644,0.08398032097993845
id26425,0.9710846377178338,0.0001969588690594626,0.0287184034131057
id26394,0.7770689113871809,0.0006686412923882918,0.22226244732042758
id22187,0.9596858350989971,0.020666246506696774,0.01964791839430429
id00422,0.9999999754157183,1.1313298665908467e-10,2.4471181732267523e-08
id22667,3.834292181552522e-13,0.999999999999606,8.97129395800397e-16
id00911,0.99669582416411,0.00018429354381477837,0.003119882292075133
id17291,0.382638339493455,0.0001414801787049234,0.6172201803278331
id01915,0.01303305790877199,0.0034890776197922116,0.9834778644714346
id01434,0.07039185383431737,0.002307110750608516,0.927301035415078
id01584,0.9815795664829161,0.00025986424290354803,0.01816056927418249
id09266,0.9925166535902822,0.00034281869393526716,0.0071405277157861
id17494,2.3378804635728224e-05,0.9999674121445381,9.209050830913684e-06
id24919,0.4866373686324728,0.16061768426503328,0.35274494710249926
id21043,8.232821832438865e-08,2.428014358820454e-16,0.9999999176717976
id17796,7.407502704835879e-07,0.9999992274010581,3.184866456618869e-08
id02166,0.028353553820544056,1.9809708703122052e-07,0.9716462480823589
id17503,0.9503251933802881,3.0528202284318013e-07,0.049674501337685306
id21203,0.9175054468130843,0.03166042308421375,0.050834130102704524
id25626,0.999999999824154,6.318103833153091e-11,1.1269583836313045e-10
id09836,0.9999987191032194,6.525952558483685e-07,6.283015201617132e-07
id24202,0.009553556009334602,0.03826575389912975,0.9521806900915384
id27260,0.9322511910464854,0.00018048458200125024,0.06756832437150909
id23167,3.5669893313635942e-06,1.285874218808075e-07,0.9999963044232465
id10393,0.006263153737877309,0.9932864096812523,0.00045043658086678536
id01171,0.9753367876880492,0.02466316194459597,5.036735272536271e-08
id06380,0.9983648591495008,0.0006813591952419083,0.0009537816552590473
id22686,0.4997509783222116,0.00044328810251103917,0.4998057335752792
id26250,0.7527054271580113,0.0010265125856268264,0.24626806025636294
id09315,0.1338599503422085,0.7950024943304481,0.07113755532734303
id00886,0.26125862091475943,0.7370980902069003,0.001643288878334146
id03101,0.9648917841737612,0.03021341707005358,0.004894798756193581
id12367,0.7834571565508514,0.000606475571344955,0.21593636787780335
id10770,0.9986334849595682,0.00018985102802310645,0.001176664012412246
id14949,3.0020290935397546e-05,0.9999699334945645,4.6214508480218245e-08
id14141,2.549033114223112e-05,0.9999745022913679,7.377495616601617e-09
id25417,0.6022796134392574,0.3962157183029377,0.0015046682578097011
id26873,0.6600875253705695,0.09122911751596822,0.2486833571134657
id10818,0.12628489961341494,0.0002928182274052691,0.8734222821591752
id15146,0.991126076986007,0.0004239245769631679,0.008449998437025655
id23328,0.997217121838362,0.0008486328402623455,0.0019342453213746676
id16765,0.013410756894577894,0.9722714794486582,0.014317763656761675
id24383,0.9949817878514634,3.5986056511342277e-07,0.005017852287965487
